3.641712246462702751e-04
3.674796898849308491e-04
3.174858575221151114e-04
3.569235268514603376e-04
3.493630792945623398e-04
3.139924665447324514e-04
3.375021333340555429e-04
3.592540160752832890e-04
3.567697713151574135e-04
3.537893644534051418e-04
3.557559684850275517e-04
3.604097873903810978e-04
3.350110782776027918e-04
3.626644320320338011e-04
3.515403950586915016e-04
3.699618973769247532e-04
3.601798380259424448e-04
3.215725591871887445e-04
3.544390201568603516e-04
3.717296931426972151e-04
3.510132955852895975e-04
3.390973142813891172e-04
3.567221865523606539e-04
3.649069403763860464e-04
3.519580932334065437e-04
3.458526334725320339e-04
3.580498450901359320e-04
3.722542896866798401e-04
3.662777889985591173e-04
3.697642532642930746e-04
3.693546168506145477e-04
3.485571651253849268e-04
3.484653134364634752e-04
3.572830173652619123e-04
3.335672663524746895e-04
3.408349002711474895e-04
3.434052050579339266e-04
3.475748526398092508e-04
3.629800630733370781e-04
3.646636032499372959e-04
3.387783071957528591e-04
3.454873804003000259e-04
3.343478892929852009e-04
3.583277284633368254e-04
3.515685966704040766e-04
3.312582848593592644e-04
3.610732383094727993e-04
3.642312658485025167e-04
3.644560929387807846e-04
3.659250796772539616e-04
3.296658105682581663e-04
3.577041788958013058e-04
3.486959612928330898e-04
3.659596841316670179e-04
3.661173686850816011e-04
3.350165497977286577e-04
3.610802523326128721e-04
3.679445944726467133e-04
3.550843393895775080e-04
3.560026816558092833e-04
3.471795353107154369e-04
3.574204747565090656e-04
3.495331620797514915e-04
3.673373721539974213e-04
3.598758194129914045e-04
3.167582326568663120e-04
3.558614989742636681e-04
3.412893565837293863e-04
3.518802986945956945e-04
3.299042873550206423e-04
3.620843053795397282e-04
3.385707968845963478e-04
3.533954732120037079e-04
3.579756012186408043e-04
3.609715786296874285e-04
3.383318544365465641e-04
3.500228340271860361e-04
3.190507122781127691e-04
3.298966330476105213e-04
3.504496708046644926e-04
3.641589719336479902e-04
3.473169053904712200e-04
3.480966843198984861e-04
3.532905830070376396e-04
3.499988815747201443e-04
3.353557258378714323e-04
3.600418858695775270e-04
3.549274988472461700e-04
3.486471832729876041e-04
3.544759238138794899e-04
3.088584926445037127e-04
3.303705016151070595e-04
3.695941122714430094e-04
3.568584506865590811e-04
3.478546277619898319e-04
3.526753862388432026e-04
3.553467104211449623e-04
3.585219092201441526e-04
3.493546100798994303e-04
3.493682888802140951e-04
3.609465493354946375e-04
3.365919692441821098e-04
3.612400614656507969e-04
3.689636650960892439e-04
3.669659781735390425e-04
3.648744896054267883e-04
3.635830071289092302e-04
3.581675700843334198e-04
3.438772982917726040e-04
3.540460311342030764e-04
3.390864294487982988e-04
3.473546821624040604e-04
3.662502858787775040e-04
3.596703172661364079e-04
3.401111462153494358e-04
3.658348869066685438e-04
3.724571724887937307e-04
3.476599231362342834e-04
3.689589793793857098e-04
3.557740128599107265e-04
3.555084113031625748e-04
3.382968134246766567e-04
3.550689725670963526e-04
3.430320648476481438e-04
3.582457429729402065e-04
3.536550502758473158e-04
3.415145329199731350e-04
3.726070281118154526e-04
3.660211223177611828e-04
3.036966954823583364e-04
3.236023476347327232e-04
3.544924547895789146e-04
3.548897220753133297e-04
3.655488253571093082e-04
3.583049983717501163e-04
3.718257066793739796e-04
3.744612913578748703e-04
3.215477336198091507e-04
3.476623387541621923e-04
3.678181965369731188e-04
2.719856856856495142e-04
3.401304129511117935e-04
3.459573490545153618e-04
3.706602728925645351e-04
3.643808013293892145e-04
3.553662972990423441e-04
3.568814427126199007e-04
3.694008628372102976e-04
3.704420523717999458e-04
3.637186600826680660e-04
3.391088685020804405e-04
3.555236908141523600e-04
3.479843144305050373e-04
3.562057099770754576e-04
3.658831701613962650e-04
3.495081909932196140e-04
3.556063456926494837e-04
3.491802490316331387e-04
3.645267570391297340e-04
3.699262742884457111e-04
3.347850288264453411e-04
3.450872027315199375e-04
3.254963667131960392e-04
3.733410267159342766e-04
3.679591754917055368e-04
3.543412021826952696e-04
3.514170530252158642e-04
3.398189437575638294e-04
3.578805481083691120e-04
3.521462203934788704e-04
3.637546615209430456e-04
3.576550225261598825e-04
3.265687264502048492e-04
3.415958199184387922e-04
3.665002004709094763e-04
3.473537508398294449e-04
3.489186929073184729e-04
3.517002041917294264e-04
3.540550533216446638e-04
3.606676764320582151e-04
3.638168564066290855e-04
3.663917887024581432e-04
3.642768424469977617e-04
3.497446014080196619e-04
3.593059664126485586e-04
3.663114912342280149e-04
3.647787671070545912e-04
3.598416224122047424e-04
3.636236942838877439e-04
3.584536898415535688e-04
3.382842405699193478e-04
3.482906904537230730e-04
3.521299513522535563e-04
3.591013955883681774e-04
3.474323602858930826e-04
3.330750332679599524e-04
3.609112463891506195e-04
3.458141291048377752e-04
3.481297462712973356e-04
3.532888949848711491e-04
3.269164299126714468e-04
3.401512803975492716e-04
3.581557248253375292e-04
3.425639006309211254e-04
3.656425105873495340e-04
3.441056760493665934e-04
3.434343961998820305e-04
3.260182566009461880e-04
3.541845653671771288e-04
3.575903829187154770e-04
3.699375374708324671e-04
3.611672727856785059e-04
3.072918334510177374e-04
3.533270792104303837e-04
3.661424852907657623e-04
3.588004328776150942e-04
3.261386591475456953e-04
3.649568534456193447e-04
3.330293693579733372e-04
3.650104044936597347e-04
3.273521724622696638e-04
3.673363244161009789e-04
3.683309478219598532e-04
3.347183519508689642e-04
3.299012605566531420e-04
3.294357156846672297e-04
3.353497595526278019e-04
3.561238991096615791e-04
3.649754216894507408e-04
3.338776878081262112e-04
3.413763770367950201e-04
3.597832401283085346e-04
3.614457091316580772e-04
3.512465627864003181e-04
3.386746684554964304e-04
3.342509153299033642e-04
3.266996354795992374e-04
3.483700274955481291e-04
3.533166309352964163e-04
3.524870262481272221e-04
3.620244679041206837e-04
3.625375684350728989e-04
3.586786333471536636e-04
3.764418943319469690e-04
3.661667578853666782e-04
3.660249058157205582e-04
3.567795210983604193e-04
3.531766706146299839e-04
2.852661709766834974e-04
3.637783229351043701e-04
3.548417589627206326e-04
3.558801254257559776e-04
3.528092638589441776e-04
3.642450319603085518e-04
3.320570103824138641e-04
3.432446683291345835e-04
3.456004487816244364e-04
3.344277210999280214e-04
3.365333250258117914e-04
3.413411905057728291e-04
3.572723071556538343e-04
3.611961437854915857e-04
3.552006673999130726e-04
3.570744011085480452e-04
3.374023071955889463e-04
3.527339140418916941e-04
3.597649920266121626e-04
3.713754122145473957e-04
3.646062978077679873e-04
3.680835943669080734e-04
3.196152683813124895e-04
3.524787316564470530e-04
3.669852740131318569e-04
3.544817736838012934e-04
3.397082036826759577e-04
3.373497456777840853e-04
3.619077324401587248e-04
3.613198932725936174e-04
3.588159452192485332e-04
2.941041020676493645e-04
3.505786589812487364e-04
3.308286250103265047e-04
3.666064585559070110e-04
3.645831020548939705e-04
3.456110716797411442e-04
2.969010965898633003e-04
3.588735708035528660e-04
3.468236536718904972e-04
3.319718816783279181e-04
3.682444221340119839e-04
3.725155256688594818e-04
3.653627063613384962e-04
3.759784740395843983e-04
3.493090043775737286e-04
3.731884353328496218e-04
3.570987319108098745e-04
3.649952996056526899e-04
3.548961831256747246e-04
3.505999338813126087e-04
3.333870554342865944e-04
3.309529274702072144e-04
3.475686535239219666e-04
3.676814958453178406e-04
3.575835435185581446e-04
3.570176195353269577e-04
3.582892823033034801e-04
3.434440586715936661e-04
3.559783217497169971e-04
3.300467506051063538e-04
3.146407834719866514e-04
3.747378650587052107e-04
3.705722629092633724e-04
3.589589323382824659e-04
3.671888553071767092e-04
3.168799448758363724e-04
3.671253507491201162e-04
3.638922353275120258e-04
3.417194820940494537e-04
3.561705234460532665e-04
3.678364155348390341e-04
3.235103213228285313e-04
3.494367701932787895e-04
3.343084536027163267e-04
3.658329951576888561e-04
3.399658889975398779e-04
3.382886061444878578e-04
3.526987275108695030e-04
3.427677438594400883e-04
3.583601210266351700e-04
3.392681828700006008e-04
3.495495184324681759e-04
3.567855455912649632e-04
2.954692754428833723e-04
3.474757540971040726e-04
3.644777752924710512e-04
3.632369334809482098e-04
3.323815180920064449e-04
3.578989708330482244e-04
3.389549092389643192e-04
3.602120268624275923e-04
3.624940873123705387e-04
3.562517231330275536e-04
3.226345288567245007e-04
3.534645074978470802e-04
3.690047597046941519e-04
3.574140719138085842e-04
3.285270067863166332e-04
3.250521549489349127e-04
3.478288708720356226e-04
3.672051243484020233e-04
3.706133575178682804e-04
3.633415326476097107e-04
3.435529069975018501e-04
3.777597157750278711e-04
3.360837581567466259e-04
3.309930616524070501e-04
3.594327135942876339e-04
3.174725570715963840e-04
3.427241172175854445e-04
3.625449899118393660e-04
3.550292167346924543e-04
3.436642582528293133e-04
3.595866437535732985e-04
3.252772148698568344e-04
3.733674238901585340e-04
3.620235656853765249e-04
3.603388031478971243e-04
3.396798274479806423e-04
3.577658208087086678e-04
3.598917683120816946e-04
3.627784026321023703e-04
3.614434390328824520e-04
3.551582340151071548e-04
3.656067419797182083e-04
3.355014487169682980e-04
3.653347084764391184e-04
3.364518634043633938e-04
3.677968052215874195e-04
3.591380955185741186e-04
3.615874447859823704e-04
3.613161097746342421e-04
3.685039409901946783e-04
3.412841178942471743e-04
3.555461007636040449e-04
3.611698630265891552e-04
3.632881271187216043e-04
3.569870605133473873e-04
3.368108009453862906e-04
3.602746583055704832e-04
3.446177579462528229e-04
3.447577764745801687e-04
3.469992370810359716e-04
3.398648696020245552e-04
3.652239101938903332e-04
3.711601893883198500e-04
3.638758789747953415e-04
3.399387642275542021e-04
3.633640881162136793e-04
3.616962640080600977e-04
3.525274223648011684e-04
3.632449370343238115e-04
3.530840622261166573e-04
3.650485305115580559e-04
3.510036622174084187e-04
3.723409608937799931e-04
3.302517288830131292e-04
3.592193534132093191e-04
3.289288433734327555e-04
3.627496771514415741e-04
3.183758526574820280e-04
3.511160321068018675e-04
3.591496497392654419e-04
3.241443191654980183e-04
3.721689572557806969e-04
3.460955922491848469e-04
3.752977063413709402e-04
3.593084402382373810e-04
3.697680658660829067e-04
3.655416367109864950e-04
3.478215076029300690e-04
3.629414713941514492e-04
3.612297296058386564e-04
3.352283965796232224e-04
3.368628968019038439e-04
3.722873225342482328e-04
3.537835727911442518e-04
3.663733077701181173e-04
3.477917634882032871e-04
3.596938622649759054e-04
3.658276982605457306e-04
3.391692298464477062e-04
3.669669385999441147e-04
3.567295789252966642e-04
3.400275018066167831e-04
3.656424232758581638e-04
3.360010450705885887e-04
3.458206483628600836e-04
3.514232812449336052e-04
3.415429964661598206e-04
3.465860500000417233e-04
3.606825775932520628e-04
3.634071908891201019e-04
3.618448972702026367e-04
3.226455592084676027e-04
3.485667402856051922e-04
3.679135406855493784e-04
3.677246859297156334e-04
3.453003591857850552e-04
3.489455848466604948e-04
3.499654412735253572e-04
3.540590696502476931e-04
3.635465109255164862e-04
3.496152348816394806e-04
3.642732626758515835e-04
3.452755918260663748e-04
3.682615351863205433e-04
3.624859673436731100e-04
3.046401543542742729e-04
3.389919002074748278e-04
3.600073978304862976e-04
3.620838979259133339e-04
3.717708750627934933e-04
3.218610363546758890e-04
3.571374691091477871e-04
3.577107272576540709e-04
3.313006600365042686e-04
3.217883931938558817e-04
3.597316390369087458e-04
3.661523223854601383e-04
3.654908505268394947e-04
3.380248672328889370e-04
3.495074633974581957e-04
3.585735976230353117e-04
3.584484220482409000e-04
3.390244382899254560e-04
3.471606469247490168e-04
3.662487142719328403e-04
3.543346538208425045e-04
3.663580282591283321e-04
3.213419404346495867e-04
3.670407459139823914e-04
3.301773103885352612e-04
3.484455810394138098e-04
3.503928019199520350e-04
3.213574527762830257e-04
3.622396907303482294e-04
3.587193787097930908e-04
3.486840578261762857e-04
3.502806357573717833e-04
3.696736239362508059e-04
3.297798684798181057e-04
3.360804112162441015e-04
3.706391435116529465e-04
3.678507928270846605e-04
3.727842704392969608e-04
3.452028904575854540e-04
3.354130312800407410e-04
3.236895718146115541e-04
3.571130800992250443e-04
3.592313441913574934e-04
3.655851760413497686e-04
3.682606038637459278e-04
3.534764691721647978e-04
3.513408300932496786e-04
3.417789412196725607e-04
3.690084267873317003e-04
3.544400096870958805e-04
3.556626033969223499e-04
3.570472472347319126e-04
3.480559971649199724e-04
3.642755036707967520e-04
3.460734733380377293e-04
3.639857750385999680e-04
3.631418221630156040e-04
3.502077306620776653e-04
3.530403482727706432e-04
3.346691082697361708e-04
3.485623165033757687e-04
3.602260549087077379e-04
3.382812137715518475e-04
3.582732169888913631e-04
3.511106770019978285e-04
3.514596319291740656e-04
3.499052254483103752e-04
3.243954270146787167e-04
3.331580664962530136e-04
3.475820703897625208e-04
3.536319418344646692e-04
3.264725964982062578e-04
3.571517299860715866e-04
3.719344967976212502e-04
3.636617620941251516e-04
3.654682368505746126e-04
3.322617849335074425e-04
3.595770103856921196e-04
3.597135073505342007e-04
3.650776925496757030e-04
3.512097755447030067e-04
3.532805421855300665e-04
3.639172355178743601e-04
3.388375334907323122e-04
3.620558709371834993e-04
3.503144253045320511e-04
3.547419619280844927e-04
3.402671718504279852e-04
3.268542641308158636e-04
3.470003139227628708e-04
3.509454836603254080e-04
3.401331196073442698e-04
3.707075084093958139e-04
3.592181019484996796e-04
3.585771191865205765e-04
3.551232221070677042e-04
3.348425379954278469e-04
3.703180118463933468e-04
3.541513578966259956e-04
3.367477038409560919e-04
3.163497021887451410e-04
3.546709194779396057e-04
3.542515332810580730e-04
3.283887344878166914e-04
3.585536614991724491e-04
3.439110587351024151e-04
3.295566421002149582e-04
3.654374741017818451e-04
3.588059043977409601e-04
3.054669359698891640e-04
3.544021164998412132e-04
3.217628400307148695e-04
3.529065870679914951e-04
3.505373315420001745e-04
3.570538829080760479e-04
3.566868253983557224e-04
3.446781774982810020e-04
3.680487570818513632e-04
3.219118225388228893e-04
3.518720332067459822e-04
3.582403005566447973e-04
3.719543747138231993e-04
3.538099408615380526e-04
3.585740923881530762e-04
3.440940345171838999e-04
3.440237487666308880e-04
3.442867018748074770e-04
3.628946724347770214e-04
3.455783880781382322e-04
3.665556432679295540e-04
3.324429562781006098e-04
3.396293905097991228e-04
3.312165790703147650e-04
3.628481354098767042e-04
3.606010286603122950e-04
3.640791401267051697e-04
3.376691893208771944e-04
3.593060246203094721e-04
3.001447475980967283e-04
3.371255297679454088e-04
3.607272228691726923e-04
3.608467814046889544e-04
3.715904604177922010e-04
3.408292541280388832e-04
3.646607219707220793e-04
3.392103826627135277e-04
3.113616839982569218e-04
3.725411952473223209e-04
3.685045230668038130e-04
3.420030698180198669e-04
3.549765679053962231e-04
3.642640367615967989e-04
3.415894170757383108e-04
3.659559006337076426e-04
3.717195359058678150e-04
3.638000343926250935e-04
3.575211740098893642e-04
3.699946100823581219e-04
3.561688354238867760e-04
3.499644226394593716e-04
3.018718562088906765e-04
3.763350250665098429e-04
3.532772825565189123e-04
3.610082785598933697e-04
3.607003309298306704e-04
3.615586028899997473e-04
3.463780449237674475e-04
3.710968303494155407e-04
3.658361674752086401e-04
3.518056764733046293e-04
3.552191192284226418e-04
3.631103609222918749e-04
3.678724169731140137e-04
3.305950376670807600e-04
3.388155309949070215e-04
3.572627902030944824e-04
3.434395184740424156e-04
3.496343560982495546e-04
3.470771771389991045e-04
3.633123997133225203e-04
3.501314204186201096e-04
3.466214693617075682e-04
3.627409460023045540e-04
3.575753944460302591e-04
3.592879802454262972e-04
3.669394936878234148e-04
3.675409825518727303e-04
3.609645063988864422e-04
3.568549873307347298e-04
3.441082371864467859e-04
3.594479057937860489e-04
3.397875116206705570e-04
3.219378995709121227e-04
3.285854763817042112e-04
3.471484815236181021e-04
3.502260369714349508e-04
3.701647510752081871e-04
3.644950047601014376e-04
3.596790484152734280e-04
3.558996831998229027e-04
3.470928641036152840e-04
3.467742062639445066e-04
3.621144860517233610e-04
3.419543791096657515e-04
3.416955296415835619e-04
3.712711913976818323e-04
3.466219932306557894e-04
3.700428060255944729e-04
3.589952248148620129e-04
3.646465193014591932e-04
3.068180230911821127e-04
3.400727582629770041e-04
3.530804824549704790e-04
3.506823850329965353e-04
3.170001436956226826e-04
3.391485370229929686e-04
3.267277206759899855e-04
3.517686855047941208e-04
3.523142077028751373e-04
3.481890598777681589e-04
3.522637998685240746e-04
3.312520275358110666e-04
3.412204678170382977e-04
3.395110834389925003e-04
3.563776845112442970e-04
3.479524748399853706e-04
3.629105631262063980e-04
3.483847249299287796e-04
3.644738171715289354e-04
3.261992242187261581e-04
3.655041800811886787e-04
3.515009593684226274e-04
3.475673438515514135e-04
3.711239842232316732e-04
3.446856571827083826e-04
3.372461651451885700e-04
3.592968569137156010e-04
3.672769526019692421e-04
3.364019503351300955e-04
3.580793563742190599e-04
3.608058032114058733e-04
3.527443041093647480e-04
3.648172714747488499e-04
3.665050026029348373e-04
3.540346806403249502e-04
3.585313970688730478e-04
3.526467480696737766e-04
3.553295100573450327e-04
3.604220983106642962e-04
3.697562497109174728e-04
3.604026569519191980e-04
3.267055435571819544e-04
3.317229857202619314e-04
3.443629248067736626e-04
3.670885926112532616e-04
3.501007449813187122e-04
3.358311369083821774e-04
3.625441750045865774e-04
3.624948440119624138e-04
3.672337334137409925e-04
3.509110829327255487e-04
3.489700320642441511e-04
3.153688448946923018e-04
3.451952652540057898e-04
3.597189788706600666e-04
3.244313120376318693e-04
3.660545917227864265e-04
3.683516697492450476e-04
3.600466297939419746e-04
3.598910116124898195e-04
3.137022431474179029e-04
3.580932680051773787e-04
3.276600327808409929e-04
3.492841206025332212e-04
3.584684745874255896e-04
3.525417123455554247e-04
3.382904687896370888e-04
3.524781786836683750e-04
3.482789325062185526e-04
3.487122885417193174e-04
3.616846806835383177e-04
3.624586097430437803e-04
3.615823516156524420e-04
3.569423861335963011e-04
3.644655516836792231e-04
3.642335068434476852e-04
3.535010910127311945e-04
3.523148770909756422e-04
3.317979280836880207e-04
3.373552463017404079e-04
3.483823966234922409e-04
3.515715943649411201e-04
3.621994983404874802e-04
3.651544975582510233e-04
3.656130866147577763e-04
3.648409328889101744e-04
3.611724823713302612e-04
3.419604036025702953e-04
3.287995350547134876e-04
3.530422982294112444e-04
3.391747595742344856e-04
3.332325431983917952e-04
3.394837840460240841e-04
3.584979858715087175e-04
3.530037647578865290e-04
3.673985193017870188e-04
3.545713843777775764e-04
3.550018882378935814e-04
3.545372164808213711e-04
3.431080258451402187e-04
3.580384654924273491e-04
2.807739365380257368e-04
3.420741704758256674e-04
3.691204765345901251e-04
3.491077513899654150e-04
3.651861916296184063e-04
3.745525609701871872e-04
3.598099865484982729e-04
3.548676322679966688e-04
3.401533467695116997e-04
3.301957622170448303e-04
2.972990623675286770e-04
3.313819179311394691e-04
3.727634903043508530e-04
3.492707910481840372e-04
3.633728192653506994e-04
3.580711781978607178e-04
3.571462584659457207e-04
3.427033079788088799e-04
3.584337246138602495e-04
3.462582535576075315e-04
3.624310484156012535e-04
3.192969306837767363e-04
3.693063918035477400e-04
3.480267478153109550e-04
3.437373379711061716e-04
3.546497027855366468e-04
3.421551082283258438e-04
3.639786737039685249e-04
3.588375402614474297e-04
3.599790506996214390e-04
3.741274413187056780e-04
3.474541299510747194e-04
3.585033991839736700e-04
3.530549874994903803e-04
3.642142692115157843e-04
3.539797908160835505e-04
3.596743918024003506e-04
3.565464867278933525e-04
3.352508647367358208e-04
3.618974005803465843e-04
3.579278709366917610e-04
3.574283909983932972e-04
3.577341558411717415e-04
3.558563475962728262e-04
3.552437992766499519e-04
3.567099338397383690e-04
3.617611946538090706e-04
3.476313140708953142e-04
3.668954304885119200e-04
3.473727847449481487e-04
3.536015865392982960e-04
3.482078609522432089e-04
3.406600735615938902e-04
3.594697627704590559e-04
3.654433239717036486e-04
3.417767002247273922e-04
3.269098233431577682e-04
3.683268441818654537e-04
3.734751371666789055e-04
3.685628180392086506e-04
3.612386935856193304e-04
3.191118303220719099e-04
3.404185990802943707e-04
3.658321511466056108e-04
3.554837603587657213e-04
3.661728405859321356e-04
3.670280275400727987e-04
3.634720633272081614e-04
3.531232359819114208e-04
3.682743117678910494e-04
3.597763716243207455e-04
3.210893482901155949e-04
3.616873873397707939e-04
3.484886256046593189e-04
3.606432292144745588e-04
3.671520971693098545e-04
3.109482058789581060e-04
3.451319353189319372e-04
3.586424281820654869e-04
3.523332998156547546e-04
3.686600248329341412e-04
3.634303866419941187e-04
3.495754499454051256e-04
3.501744649838656187e-04
3.745667927432805300e-04
3.618420159909874201e-04
3.465905610937625170e-04
3.671640879474580288e-04
3.466077032499015331e-04
3.406665055081248283e-04
3.736663202289491892e-04
3.536177682690322399e-04
3.727760340552777052e-04
3.637774207163602114e-04
3.740951360668987036e-04
3.681902890093624592e-04
3.471092786639928818e-04
3.418123815208673477e-04
3.646023105829954147e-04
3.357235109433531761e-04
3.417633415665477514e-04
3.489197988528758287e-04
3.430242359172552824e-04
3.638830385170876980e-04
3.326581791043281555e-04
3.735344216693192720e-04
3.611455613281577826e-04
3.313063934911042452e-04
3.017965354956686497e-04
3.523627237882465124e-04
3.562598431017249823e-04
3.308912564534693956e-04
3.623207448981702328e-04
3.707614669110625982e-04
3.402175789233297110e-04
3.402048023417592049e-04
3.596002934500575066e-04
3.657400666270405054e-04
3.522688348311930895e-04
3.513463307172060013e-04
3.615389578044414520e-04
3.626800025813281536e-04
3.283845726400613785e-04
3.575589216779917479e-04
3.663201932795345783e-04
3.404695307835936546e-04
3.582362842280417681e-04
3.395262465346604586e-04
3.420383145567029715e-04
3.409904602449387312e-04
3.547513915691524744e-04
3.342448035255074501e-04
3.607842081692069769e-04
3.374283260200172663e-04
3.555814328137785196e-04
3.719378437381237745e-04
3.633929009083658457e-04
3.545794170349836349e-04
3.594602749217301607e-04
3.533220733515918255e-04
3.216653130948543549e-04
3.561716875992715359e-04
3.673446190077811480e-04
3.688046999741345644e-04
3.604010853450745344e-04
3.417500993236899376e-04
3.514609416015446186e-04
3.256938653066754341e-04
3.378163382876664400e-04
3.475075936876237392e-04
3.595758462324738503e-04
3.576986200641840696e-04
3.800903214141726494e-04
3.569995169527828693e-04
3.643560339696705341e-04
3.644047828856855631e-04
3.542177146300673485e-04
3.296057111583650112e-04
3.635389439295977354e-04
3.331137704662978649e-04
3.604032099246978760e-04
3.515993885230273008e-04
3.540994657669216394e-04
3.658253408502787352e-04
3.448133065830916166e-04
3.569979162421077490e-04
3.573268186300992966e-04
3.298390074633061886e-04
3.605277743190526962e-04
3.590160049498081207e-04
3.529993991833180189e-04
3.045985940843820572e-04
3.606750688049942255e-04
3.465277550276368856e-04
3.659485082607716322e-04
3.459941071923822165e-04
3.364133008290082216e-04
3.663795650936663151e-04
3.484097251202911139e-04
3.474860568530857563e-04
3.168853872921317816e-04
3.716216597240418196e-04
3.446219197940081358e-04
3.585538361221551895e-04
3.417893312871456146e-04
3.548969398252665997e-04
3.390371857676655054e-04
3.440631553530693054e-04
3.637279151007533073e-04
3.550756955519318581e-04
3.517231962177902460e-04
3.343168355058878660e-04
3.452215169090777636e-04
3.418491105549037457e-04
3.687743155751377344e-04
3.690847661346197128e-04
3.692703321576118469e-04
3.573547583073377609e-04
3.512529656291007996e-04
3.582719364203512669e-04
3.631027066148817539e-04
3.441721200942993164e-04
3.448859206400811672e-04
3.406921750865876675e-04
3.348533064126968384e-04
3.502643958199769258e-04
3.641691582743078470e-04
3.607811813708394766e-04
3.716960200108587742e-04
3.603040240705013275e-04
3.505960630718618631e-04
3.529657842591404915e-04
3.658199857454746962e-04
3.693854378070682287e-04
3.660934162326157093e-04
3.343763237353414297e-04
3.507991496007889509e-04
3.597183094825595617e-04
3.689272562041878700e-04
3.633018059190362692e-04
3.630748542491346598e-04
3.683073737192898989e-04
3.047773498110473156e-04
3.721753018908202648e-04
3.670416190288960934e-04
3.470066876616328955e-04
3.224725078325718641e-04
3.675541956909000874e-04
3.726488212123513222e-04
3.698911459650844336e-04
3.475897246971726418e-04
3.432432131376117468e-04
3.261130768805742264e-04
3.583347133826464415e-04
3.603382210712879896e-04
3.479270380921661854e-04
3.227837732993066311e-04
3.592294524423778057e-04
3.618625632952898741e-04
3.313446359243243933e-04
3.546115476638078690e-04
3.699315420817583799e-04
3.542060439940541983e-04
3.202577354386448860e-04
3.608829865697771311e-04
3.661855298560112715e-04
3.509789239615201950e-04
3.578051982913166285e-04
3.367154859006404877e-04
3.494344709906727076e-04
3.508010704535990953e-04
3.460657899267971516e-04
3.653850289992988110e-04
3.483904874883592129e-04
3.650270227808505297e-04
3.667476121336221695e-04
3.574927104637026787e-04
3.234490868635475636e-04
3.582423669286072254e-04
3.515743301250040531e-04
3.401817521080374718e-04
3.558997414074838161e-04
3.590747946873307228e-04
3.619146300479769707e-04
3.236494958400726318e-04
3.500948077999055386e-04
3.705798881128430367e-04
3.506682696752250195e-04
2.923905267380177975e-04
3.367628087289631367e-04
3.372697974555194378e-04
3.156043239869177341e-04
3.606822865549474955e-04
3.529537061695009470e-04
3.524761414155364037e-04
3.330765757709741592e-04
3.562252386473119259e-04
3.400395798962563276e-04
3.463134926278144121e-04
3.422905574552714825e-04
3.503026382531970739e-04
3.683335089590400457e-04
3.541209443937987089e-04
3.430702781770378351e-04
3.584129153750836849e-04
3.523674386087805033e-04
3.651420993264764547e-04
3.502305771689862013e-04
3.652713203337043524e-04
3.502949548419564962e-04
3.589900152292102575e-04
3.571100241970270872e-04
3.489907248876988888e-04
3.603214572649449110e-04
3.707181313075125217e-04
3.624223172664642334e-04
3.602099022828042507e-04
3.273960610385984182e-04
3.521069593261927366e-04
3.422741137910634279e-04
3.487094654701650143e-04
3.560593177098780870e-04
3.569250402506440878e-04
3.470851515885442495e-04
3.363499417901039124e-04
3.461907617747783661e-04
3.654147731140255928e-04
3.261288511566817760e-04
3.691885212901979685e-04
3.630083811003714800e-04
3.487625508569180965e-04
3.697711799759417772e-04
3.632488951552659273e-04
3.573163121473044157e-04
3.167928080074489117e-04
3.669269790407270193e-04
3.658816276583820581e-04
3.645177930593490601e-04
3.492844116408377886e-04
3.527530061546713114e-04
3.588207764551043510e-04
3.520873142406344414e-04
3.554265131242573261e-04
3.465118934400379658e-04
3.610554267652332783e-04
3.504410560708492994e-04
3.657409106381237507e-04
3.574453003238886595e-04
3.656391054391860962e-04
3.713022451847791672e-04
3.733598277904093266e-04
3.532822884153574705e-04
3.699953667819499969e-04
3.675869083963334560e-04
3.293897316325455904e-04
3.550062829162925482e-04
3.563840873539447784e-04
3.116585721727460623e-04
3.446596965659409761e-04
3.507847432047128677e-04
3.529092937242239714e-04
3.654989413917064667e-04
3.684640105348080397e-04
3.444483736529946327e-04
3.510158567223697901e-04
3.455949190538376570e-04
3.495249256957322359e-04
3.469269140623509884e-04
3.590242704376578331e-04
3.735486825462430716e-04
3.692273458000272512e-04
3.102927003055810928e-04
3.629356506280601025e-04
3.457099664956331253e-04
3.446768678259104490e-04
3.653127059806138277e-04
3.190628485754132271e-04
2.995508548337966204e-04
3.629087586887180805e-04
3.402650763746351004e-04
3.622604999691247940e-04
3.606020472943782806e-04
3.607542603276669979e-04
3.414851089473813772e-04
3.619928611442446709e-04
3.584141668397933245e-04
3.624004893936216831e-04
3.518601588439196348e-04
3.550958645064383745e-04
3.501439932733774185e-04
3.561037883628159761e-04
3.584594232961535454e-04
3.546948719304054976e-04
3.638799826148897409e-04
3.689209406729787588e-04
3.515207208693027496e-04
3.481767489574849606e-04
3.668461577035486698e-04
3.556961019057780504e-04
3.610542044043540955e-04
3.638781781774014235e-04
3.475733683444559574e-04
3.644687531050294638e-04
3.455844998825341463e-04
3.640162758529186249e-04
3.326321602798998356e-04
3.550406545400619507e-04
3.524282365106046200e-04
3.430940560065209866e-04
3.425349423196166754e-04
3.408129559829831123e-04
3.375947999302297831e-04
3.221865335945039988e-04
3.469098301138728857e-04
3.317557275295257568e-04
3.690997255034744740e-04
3.569391556084156036e-04
3.580902412068098783e-04
3.457033890299499035e-04
3.644754469860345125e-04
3.566904633771628141e-04
3.318407107144594193e-04
3.534292627591639757e-04
3.468220238573849201e-04
3.381675051059573889e-04
2.985044557135552168e-04
3.448975621722638607e-04
3.663464449346065521e-04
3.561876364983618259e-04
3.719908127095550299e-04
3.180220664944499731e-04
3.554008435457944870e-04
3.508625377435237169e-04
3.490687231533229351e-04
3.597032045945525169e-04
3.615099412854760885e-04
3.468103241175413132e-04
3.600781783461570740e-04
3.549532848410308361e-04
3.636915062088519335e-04
3.483582113403826952e-04
3.471863747108727694e-04
3.638871712610125542e-04
3.691590391099452972e-04
3.152205317746847868e-04
3.564853686839342117e-04
3.035661939065903425e-04
3.641191287897527218e-04
3.654707106761634350e-04
3.495333658065646887e-04
3.502335457596927881e-04
3.404027665965259075e-04
3.485553024802356958e-04
3.566144150681793690e-04
3.449512587394565344e-04
3.312659391667693853e-04
3.661037771962583065e-04
3.606168029364198446e-04
3.644399985205382109e-04
3.466022608336061239e-04
3.680491063278168440e-04
3.514822747092694044e-04
3.690896846819669008e-04
3.542249032761901617e-04
3.213432501070201397e-04
3.747252631001174450e-04
3.631691215559840202e-04
3.544685023371130228e-04
3.666567208711057901e-04
3.418450651224702597e-04
3.295600472483783960e-04
3.646094410214573145e-04
3.607471589930355549e-04
3.321233380120247602e-04
3.651001316029578447e-04
3.636098699644207954e-04
3.569427062757313251e-04
3.251412126701325178e-04
3.751982294488698244e-04
3.287592262495309114e-04
3.357186506036669016e-04
3.781364939641207457e-04
3.575585433281958103e-04
3.323121636640280485e-04
3.484449989628046751e-04
3.637710178736597300e-04
3.613588341977447271e-04
3.388016193639487028e-04
3.540929465088993311e-04
3.605220990721136332e-04
3.556942683644592762e-04
3.499403246678411961e-04
3.546101797837764025e-04
3.774003125727176666e-04
3.352777857799082994e-04
3.501414321362972260e-04
3.545417275745421648e-04
3.197113110218197107e-04
3.301976539660245180e-04
3.480612067505717278e-04
3.541626210790127516e-04
3.691347665153443813e-04
3.493546682875603437e-04
3.651394217740744352e-04
3.637658373918384314e-04
3.632415318861603737e-04
3.543766797520220280e-04
3.522541665006428957e-04
3.699573862832039595e-04
3.611508291214704514e-04
3.340749244671314955e-04
3.546858788467943668e-04
3.647890407592058182e-04
3.567130188457667828e-04
3.735926002264022827e-04
3.632026491686701775e-04
3.381387505214661360e-04
3.576830786187201738e-04
3.724780981428921223e-04
3.508544468786567450e-04
2.975642564706504345e-04
3.553283459041267633e-04
3.674115869216620922e-04
3.598559997044503689e-04
3.535905270837247372e-04
3.182752989232540131e-04
3.606446844059973955e-04
3.551831759978085756e-04
3.573802532628178596e-04
3.394611994735896587e-04
3.645128163043409586e-04
3.576644521672278643e-04
3.367328608874231577e-04
3.251213638577610254e-04
3.613092703744769096e-04
3.633628948591649532e-04
3.534801071509718895e-04
3.682460519485175610e-04
3.627096011769026518e-04
3.671339945867657661e-04
3.691926831379532814e-04
3.628273843787610531e-04
3.654778702184557915e-04
3.577334864530712366e-04
3.589434782043099403e-04
3.577062161639332771e-04
3.590221167542040348e-04
3.381761780474334955e-04
3.448539646342396736e-04
3.451038501225411892e-04
3.455643309280276299e-04
3.582577337510883808e-04
3.705611161421984434e-04
3.427653282415121794e-04
3.648332494776695967e-04
3.626100951805710793e-04
3.656891058199107647e-04
3.699226363096386194e-04
3.494410193525254726e-04
3.465644840616732836e-04
3.604027442634105682e-04
3.368691541254520416e-04
3.608062688726931810e-04
3.589622792787849903e-04
2.901121624745428562e-04
3.696407366078346968e-04
3.432963276281952858e-04
3.489377850200980902e-04
3.770074981730431318e-04
3.426835755817592144e-04
3.599265473894774914e-04
3.528843226376920938e-04
3.574880247469991446e-04
3.589510452002286911e-04
3.542860504239797592e-04
3.580707998480647802e-04
3.566463419701904058e-04
3.451123775448650122e-04
3.706016868818551302e-04
3.159576735924929380e-04
3.735190839506685734e-04
3.297409857623279095e-04
2.854027261491864920e-04
3.459792933426797390e-04
3.561134799383580685e-04
3.381833957973867655e-04
3.518021549098193645e-04
3.262629907112568617e-04
3.589975531212985516e-04
3.162984503433108330e-04
3.407356271054595709e-04
3.570629341993480921e-04
3.530018148012459278e-04
3.605697129387408495e-04
3.653548192232847214e-04
3.294816124252974987e-04
3.597734612412750721e-04
3.578347968868911266e-04
3.562184283509850502e-04
3.651377628557384014e-04
3.494331031106412411e-04
3.616100002545863390e-04
3.487537032924592495e-04
3.302104014437645674e-04
3.666832926683127880e-04
3.254135663155466318e-04
3.387223987374454737e-04
3.563591744750738144e-04
3.629699349403381348e-04
3.544309001881629229e-04
3.633289306890219450e-04
3.599124611355364323e-04
3.618613991420716047e-04
3.306852013338357210e-04
3.708889416884630919e-04
3.589405387174338102e-04
3.538794990163296461e-04
3.667495620902627707e-04
3.638400230556726456e-04
3.354552609380334616e-04
3.577449533622711897e-04
3.636147885117679834e-04
3.548937093000859022e-04
3.165789239574223757e-04
3.494313277769833803e-04
3.608323459047824144e-04
3.714126360137015581e-04
3.468124778009951115e-04
3.754507633857429028e-04
3.576601739041507244e-04
3.653613675851374865e-04
3.607047547120600939e-04
3.555971197783946991e-04
3.318290982861071825e-04
3.581279306672513485e-04
3.582580829970538616e-04
3.639899950940161943e-04
3.356515080668032169e-04
3.497607540339231491e-04
3.453119425103068352e-04
3.407059994060546160e-04
3.508213267195969820e-04
3.594040172174572945e-04
3.531982947606593370e-04
3.644214011728763580e-04
3.553822753019630909e-04
3.732602344825863838e-04
3.436343977227807045e-04
3.504770866129547358e-04
3.629458369687199593e-04
3.557591990102082491e-04
3.482527972664684057e-04
3.376993699930608273e-04
3.574183210730552673e-04
3.249776782467961311e-04
3.629532002378255129e-04
3.624373057391494513e-04
3.464603505562990904e-04
3.486195346340537071e-04
3.629940329119563103e-04
3.338114765938371420e-04
3.656853514257818460e-04
3.642752999439835548e-04
3.681282687466591597e-04
3.651286533568054438e-04
3.491925308480858803e-04
3.338883398100733757e-04
3.469407383818179369e-04
3.557288437150418758e-04
3.601802163757383823e-04
3.398206899873912334e-04
3.579479525797069073e-04
3.602866199798882008e-04
3.638637717813253403e-04
3.262474201619625092e-04
3.444266330916434526e-04
3.457993734627962112e-04
3.523868508636951447e-04
3.585223166737705469e-04
3.646698314696550369e-04
3.569980617612600327e-04
3.442020097281783819e-04
3.598674957174807787e-04
3.543937637005001307e-04
3.093346604146063328e-04
3.643385134637355804e-04
3.644800453912466764e-04
3.453952376730740070e-04
3.469369257800281048e-04
3.170944983139634132e-04
3.443722962401807308e-04
3.655484470073133707e-04
3.496627614367753267e-04
3.600205818656831980e-04
2.992314693983644247e-04
3.524199710227549076e-04
3.744519199244678020e-04
3.603517252486199141e-04
3.618665214162319899e-04
3.010033688042312860e-04
3.688128490466624498e-04
3.389667836017906666e-04
3.370085323695093393e-04
3.676675260066986084e-04
3.369080368429422379e-04
3.718351363204419613e-04
3.185870009474456310e-04
3.448295756243169308e-04
3.533644485287368298e-04
3.674952895380556583e-04
3.659713838715106249e-04
3.319855895824730396e-04
3.471430682111531496e-04
3.527680528350174427e-04
3.438884450588375330e-04
3.183431690558791161e-04
3.664405958261340857e-04
3.669812576845288277e-04
3.531153197400271893e-04
3.564806538634002209e-04
3.390686761122196913e-04
3.674940089695155621e-04
3.600250056479126215e-04
3.721801622305065393e-04
3.618045302573591471e-04
3.566584200598299503e-04
3.653615713119506836e-04
3.259618824813514948e-04
3.491399111226201057e-04
3.655730106402188540e-04
3.243263927288353443e-04
3.598498005885630846e-04
3.327357699163258076e-04
3.605577221605926752e-04
3.180926723871380091e-04
3.244145482312887907e-04
3.663206298369914293e-04
3.719171800184994936e-04
3.473139950074255466e-04
3.589080297388136387e-04
3.628857375588268042e-04
3.155677695758640766e-04
3.680370573420077562e-04
3.554156282916665077e-04
3.400195273570716381e-04
3.483629843685775995e-04
3.433115780353546143e-04
3.676033229567110538e-04
3.488817892502993345e-04
3.647259436547756195e-04
3.511499089654535055e-04
3.539170138537883759e-04
3.283066034782677889e-04
3.432769735809415579e-04
3.694960323628038168e-04
3.602905781008303165e-04
3.656247572507709265e-04
3.642817318905144930e-04
3.622346266638487577e-04
3.370220947545021772e-04
3.514908312354236841e-04
3.673829196486622095e-04
3.441682492848485708e-04
3.748724702745676041e-04
3.369608602952212095e-04
3.636117617134004831e-04
3.490757080726325512e-04
3.129759861622005701e-04
3.155546728521585464e-04
3.530808899085968733e-04
3.567025123629719019e-04
3.538377641234546900e-04
3.509917878545820713e-04
3.655017062555998564e-04
3.379633417353034019e-04
3.533464332576841116e-04
3.527967783156782389e-04
3.523600462358444929e-04
3.391782229300588369e-04
3.392516809981316328e-04
3.385661111678928137e-04
3.704330883920192719e-04
3.571559209376573563e-04
3.712557081598788500e-04
3.593332658056169748e-04
3.543155035004019737e-04
3.438502026256173849e-04
3.389327321201562881e-04
3.419294662307947874e-04
3.613850567489862442e-04
3.362015995662659407e-04
3.641112707555294037e-04
3.374699736014008522e-04
3.606422105804085732e-04
3.658315690699964762e-04
3.585216472856700420e-04
3.492625255603343248e-04
3.559678152669221163e-04
3.655167238321155310e-04
3.520412137731909752e-04
3.716666833497583866e-04
3.382918948773294687e-04
3.430346550885587931e-04
3.378326946403831244e-04
3.671768645290285349e-04
3.594362642616033554e-04
3.632119623944163322e-04
3.640235809143632650e-04
3.459617728367447853e-04
3.593758156057447195e-04
3.289333835709840059e-04
3.166754322592169046e-04
3.649636055342853069e-04
3.603033546824008226e-04
3.506904758978635073e-04
3.590338747017085552e-04
3.331697953399270773e-04
3.558257012628018856e-04
3.668341669254004955e-04
3.447558847256004810e-04
3.570973640307784081e-04
3.678761131595820189e-04
3.571084525901824236e-04
3.352259518578648567e-04
3.655713226180523634e-04
3.479204897303134203e-04
3.676462220028042793e-04
3.299302770756185055e-04
3.325161233078688383e-04
3.671156300697475672e-04
3.682426468003541231e-04
3.678909561131149530e-04
3.543031925801187754e-04
3.646933473646640778e-04
3.586200764402747154e-04
3.432995290495455265e-04
3.604901721701025963e-04
3.641001530922949314e-04
3.613799053709954023e-04
3.750186879187822342e-04
3.478500293567776680e-04
3.716592036653310061e-04
3.440972359385341406e-04
3.415968385525047779e-04
3.457557177171111107e-04
3.666435368359088898e-04
3.723167174030095339e-04
3.675505577120929956e-04
3.399380948394536972e-04
3.601379867177456617e-04
3.247657441534101963e-04
3.674282052088528872e-04
3.638396738097071648e-04
3.413317026570439339e-04
3.395286621525883675e-04
3.641292860265821218e-04
3.589566913433372974e-04
3.613823791965842247e-04
3.582344797905534506e-04
3.454263787716627121e-04
3.662547678686678410e-04
3.622653021011501551e-04
3.589830594137310982e-04
3.493750118650496006e-04
3.650332510005682707e-04
3.403038717806339264e-04
3.283868718426674604e-04
3.522743354551494122e-04
3.725989372469484806e-04
3.597543691284954548e-04
3.603097575251013041e-04
3.591116692405194044e-04
3.410415374673902988e-04
3.565305960364639759e-04
3.508564550429582596e-04
3.474302066024392843e-04
3.682660171762108803e-04
3.434224345255643129e-04
3.497966972645372152e-04
3.457319689914584160e-04
3.221891820430755615e-04
3.487074573058634996e-04
3.273008333053439856e-04
3.701634122990071774e-04
3.229853464290499687e-04
3.674979088827967644e-04
3.287642030045390129e-04
3.630230494309216738e-04
3.494250413496047258e-04
3.412218065932393074e-04
3.038647409994155169e-04
3.538131422828882933e-04
3.478319267742335796e-04
3.195113968104124069e-04
3.594996233005076647e-04
3.719222440849989653e-04
3.515009302645921707e-04
3.617038310039788485e-04
3.584042133297771215e-04
3.689097939059138298e-04
3.283914702478796244e-04
3.679967485368251801e-04
3.503895131871104240e-04
3.704443806782364845e-04
3.636914771050214767e-04
3.544232458807528019e-04
3.708466829266399145e-04
3.616048488765954971e-04
3.710450837388634682e-04
3.602621145546436310e-04
3.214433090761303902e-04
3.597777395043522120e-04
3.650028083939105272e-04
3.444976755417883396e-04
3.435174294281750917e-04
3.565850201994180679e-04
3.577326715458184481e-04
3.666568372864276171e-04
3.706908319145441055e-04
3.773650678340345621e-04
3.413664526306092739e-04
3.598123148549348116e-04
3.550643741618841887e-04
3.413648810237646103e-04
3.573030116967856884e-04
2.988623455166816711e-04
3.286828577984124422e-04
3.613746957853436470e-04
3.708324802573770285e-04
3.454206453170627356e-04
3.676363849081099033e-04
3.271043824497610331e-04
2.854075282812118530e-04
3.587527608033269644e-04
3.553951100911945105e-04
3.256608033552765846e-04
3.286995925009250641e-04
3.612792352214455605e-04
3.716388600878417492e-04
3.684472758322954178e-04
3.581403871066868305e-04
3.352246712893247604e-04
3.607048129197210073e-04
3.696424828376621008e-04
3.205547109246253967e-04
3.498353471513837576e-04
3.508229856379330158e-04
3.573146823327988386e-04
3.375266969669610262e-04
3.352746716700494289e-04
3.384982701390981674e-04
3.350265324115753174e-04
3.609682607930153608e-04
3.639266942627727985e-04
3.564611834008246660e-04
3.534680581651628017e-04
3.466946945991367102e-04
3.696107305586338043e-04
3.717067011166363955e-04
3.501165192574262619e-04
3.608235856518149376e-04
3.682032984215766191e-04
3.606755344662815332e-04
3.592122229747474194e-04
3.372454957570880651e-04
3.338399401400238276e-04
3.675484622363001108e-04
3.630130377132445574e-04
3.570331027731299400e-04
3.678626089822500944e-04
3.419046406634151936e-04
3.739102685358375311e-04
3.729347954504191875e-04
3.601875214371830225e-04
3.546714142430573702e-04
3.601046628318727016e-04
3.607867402024567127e-04
3.615287132561206818e-04
3.566671221051365137e-04
3.624279634095728397e-04
3.552902489900588989e-04
3.563239297363907099e-04
3.407027979847043753e-04
3.469320363365113735e-04
3.331181942485272884e-04
3.553272690623998642e-04
3.703651891555637121e-04
3.387214092072099447e-04
3.494675329420715570e-04
3.468215290922671556e-04
3.553462447598576546e-04
3.599429910536855459e-04
3.681566740851849318e-04
3.386831667739897966e-04
3.393905935809016228e-04
3.590075066313147545e-04
3.541920159477740526e-04
3.616656176745891571e-04
3.492152027320116758e-04
3.599286428652703762e-04
3.658729547169059515e-04
3.345829900354146957e-04
3.571661363821476698e-04
2.970768546219915152e-04
3.496159915812313557e-04
3.601791686378419399e-04
3.287571016699075699e-04
3.591346903704106808e-04
3.491066745482385159e-04
3.578477480914443731e-04
3.520225291140377522e-04
3.448790230322629213e-04
3.555744478944689035e-04
3.552193520590662956e-04
3.639397327788174152e-04
3.412121441215276718e-04
3.640266659203916788e-04
3.425877075642347336e-04
3.404642629902809858e-04
3.677932545542716980e-04
3.737457154784351587e-04
3.506855282466858625e-04
3.527509397827088833e-04
3.640409559011459351e-04
3.617629699874669313e-04
3.617335460148751736e-04
3.615156456362456083e-04
3.516908909659832716e-04
3.377238172106444836e-04
3.731952456291764975e-04
3.473631513770669699e-04
3.568390093278139830e-04
3.465265908744186163e-04
3.641130169853568077e-04
3.562204365152865648e-04
3.438796848058700562e-04
3.522586193867027760e-04
3.584379155654460192e-04
3.504401829559355974e-04
3.696041530929505825e-04
3.576978342607617378e-04
3.664010437205433846e-04
3.577487659640610218e-04
3.472052630968391895e-04
3.447787894401699305e-04
3.605321398936212063e-04
3.429800854064524174e-04
3.374230291228741407e-04
3.612275468185544014e-04
3.694638144224882126e-04
3.480582381598651409e-04
3.725923888850957155e-04
3.520587342791259289e-04
3.310556348878890276e-04
3.606070822570472956e-04
3.593022120185196400e-04
3.422415757086127996e-04
3.536695148795843124e-04
3.430559008847922087e-04
3.736093349289149046e-04
3.402357979211956263e-04
3.446190676186233759e-04
3.503463231027126312e-04
3.632761654444038868e-04
3.475517733022570610e-04
3.480559098534286022e-04
3.550943802110850811e-04
3.619732451625168324e-04
3.694284823723137379e-04
3.554853610694408417e-04
3.647271951194852591e-04
3.185791138093918562e-04
3.445758484303951263e-04
3.468586364760994911e-04
3.592394059523940086e-04
3.525151405483484268e-04
3.577111056074500084e-04
3.448448260314762592e-04
3.604024823289364576e-04
3.687124699354171753e-04
3.484368207864463329e-04
3.460030129645019770e-04
3.611402062233537436e-04
3.758174134418368340e-04
3.508369263727217913e-04
3.511398972477763891e-04
3.588263352867215872e-04
3.626572433859109879e-04
3.214548341929912567e-04
3.420250432100147009e-04
3.758153470698744059e-04
3.706168790813535452e-04
3.575912560336291790e-04
3.602547803893685341e-04
3.540654724929481745e-04
3.462285676505416632e-04
3.492034738883376122e-04
3.630327119026333094e-04
3.241022641304880381e-04
3.649326972663402557e-04
3.655794134829193354e-04
3.508894587866961956e-04
3.690780431497842073e-04
3.636780311353504658e-04
3.610747808124870062e-04
3.601791686378419399e-04
3.448426723480224609e-04
3.559407196007668972e-04
3.712039615493267775e-04
3.401562280487269163e-04
3.529554523993283510e-04
3.539575845934450626e-04
3.662896633613854647e-04
3.661774389911442995e-04
3.550790715962648392e-04
3.608067345339804888e-04
3.425871836952865124e-04
3.477922291494905949e-04
3.592984285205602646e-04
3.732675395440310240e-04
3.443375462666153908e-04
3.669656289275735617e-04
3.715548373293131590e-04
3.523111809045076370e-04
3.604000085033476353e-04
3.441111475694924593e-04
3.499657905194908381e-04
3.626511897891759872e-04
3.669810539577156305e-04
3.498004807624965906e-04
3.621981886681169271e-04
3.635482571553438902e-04
3.607388935051858425e-04
3.581246419344097376e-04
3.498795267660170794e-04
3.496329591143876314e-04
3.292534966021776199e-04
3.586940292734652758e-04
3.520611790008842945e-04
3.706583520397543907e-04
3.468329668976366520e-04
3.237750497646629810e-04
3.292068140581250191e-04
3.437639679759740829e-04
3.566719533409923315e-04
3.601110656745731831e-04
3.667616692837327719e-04
3.275299095548689365e-04
3.255721239838749170e-04
3.529038513079285622e-04
3.758197417482733727e-04
3.509316302370280027e-04
3.682666865643113852e-04
3.526870859786868095e-04
3.611883730627596378e-04
3.183904627803713083e-04
3.282049729023128748e-04
3.636053588707000017e-04
3.633300075307488441e-04
3.512194962240755558e-04
3.543016791809350252e-04
3.665415279101580381e-04
3.505435888655483723e-04
3.631312283687293530e-04
3.646222467068582773e-04
3.282353281974792480e-04
3.201705985702574253e-04
3.327603335492312908e-04
3.289188316557556391e-04
3.547590749803930521e-04
3.529821697156876326e-04
3.317380032967776060e-04
3.604009980335831642e-04
3.334981156513094902e-04
3.534464049153029919e-04
3.330717445351183414e-04
3.694108454510569572e-04
3.700488014146685600e-04
3.475907142274081707e-04
3.385786549188196659e-04
3.674777399282902479e-04
3.633620217442512512e-04
3.411104262340813875e-04
3.655943437479436398e-04
3.515818098094314337e-04
3.712555044330656528e-04
3.383406728971749544e-04
3.612433793023228645e-04
3.611785650718957186e-04
3.469568036962300539e-04
3.558247408363968134e-04
3.755926154553890228e-04
3.548683598637580872e-04
3.695259511005133390e-04
3.534184070304036140e-04
3.589308762457221746e-04
3.193980373907834291e-04
3.265910781919956207e-04
3.466604102868586779e-04
3.456047852523624897e-04
3.567623789422214031e-04
3.660042711999267340e-04
3.579912590794265270e-04
3.471415839157998562e-04
3.379108093213289976e-04
3.499369777273386717e-04
3.644732933025807142e-04
3.603297518566250801e-04
3.633011947385966778e-04
3.632064908742904663e-04
3.579735348466783762e-04
3.385288582649081945e-04
3.593153087422251701e-04
3.658622154034674168e-04
3.374839143361896276e-04
3.589245025068521500e-04
3.622994699981063604e-04
3.098052984569221735e-04
3.629861748777329922e-04
3.617594775278121233e-04
3.671144659165292978e-04
3.580810152925550938e-04
3.575816808734089136e-04
3.558262542355805635e-04
3.456913691479712725e-04
3.649567661341279745e-04
3.554479626473039389e-04
3.636058245319873095e-04
3.497210564091801643e-04
3.697135543916374445e-04
3.179341147188097239e-04
3.683452378027141094e-04
3.283626283518970013e-04
3.497853467706590891e-04
3.478667058516293764e-04
3.612157597672194242e-04
3.608119150158017874e-04
3.520202008076012135e-04
3.624994133133441210e-04
3.753035562112927437e-04
3.254046023357659578e-04
3.405489260330796242e-04
3.617944603320211172e-04
3.641486400738358498e-04
3.658795612864196301e-04
2.836307685356587172e-04
3.629591083154082298e-04
3.422381414566189051e-04
3.555910952854901552e-04
3.191719879396259785e-04
3.506127104628831148e-04
3.574722795747220516e-04
3.468682698439806700e-04
3.537368902470916510e-04
3.358382964506745338e-04
3.609599079936742783e-04
3.276902134530246258e-04
3.573032154235988855e-04
3.527204971760511398e-04
3.395195235498249531e-04
3.636869951151311398e-04
3.441826265770941973e-04
3.619398048613220453e-04
3.631896397564560175e-04
3.587000828702002764e-04
3.612922737374901772e-04
3.591434506233781576e-04
3.569686086848378181e-04
3.496140707284212112e-04
3.446461632847785950e-04
3.607307153288275003e-04
3.589480475056916475e-04
3.553730202838778496e-04
3.484173212200403214e-04
3.453569952398538589e-04
3.379486734047532082e-04
3.547963569872081280e-04
3.692976897582411766e-04
3.488599031697958708e-04
3.491529496386647224e-04
3.630360297393053770e-04
3.555681614670902491e-04
3.393910883460193872e-04
3.482404863461852074e-04
3.405247407499700785e-04
3.613146545831114054e-04
3.422682057134807110e-04
3.410079225432127714e-04
3.086704818997532129e-04
3.576200397219508886e-04
3.329445898998528719e-04
3.173040167894214392e-04
3.071712271776050329e-04
3.457984712440520525e-04
3.575285663828253746e-04
3.632088191807270050e-04
3.285427228547632694e-04
3.450633666943758726e-04
3.701786044985055923e-04
3.575281589291989803e-04
3.391134378034621477e-04
3.374080988578498363e-04
3.662679519038647413e-04
3.475140256341546774e-04
3.510198148433119059e-04
3.570274857338517904e-04
3.609475388657301664e-04
3.681882226374000311e-04
3.648216079454869032e-04
3.615587775129824877e-04
3.746805887203663588e-04
3.667678101919591427e-04
3.618910850491374731e-04
3.669092257041484118e-04
3.542070044204592705e-04
3.666470875032246113e-04
3.586006641853600740e-04
3.456470731180161238e-04
3.443292225711047649e-04
3.696630301419645548e-04
3.444563481025397778e-04
3.542599733918905258e-04
3.695186460390686989e-04
3.643762320280075073e-04
3.127010422758758068e-04
3.413879603613168001e-04
3.539223398547619581e-04
3.396261890884488821e-04
3.621075884439051151e-04
3.422664594836533070e-04
3.585542726796120405e-04
3.391054924577474594e-04
3.393865481484681368e-04
3.694019978865981102e-04
3.553026472218334675e-04
3.238580538891255856e-04
3.604925877880305052e-04
3.550288674887269735e-04
3.288936277385801077e-04
3.602102224249392748e-04
3.232581075280904770e-04
3.050889645237475634e-04
3.615256282500922680e-04
3.562089405022561550e-04
3.573459398467093706e-04
3.261244273744523525e-04
3.610233543440699577e-04
3.427034826017916203e-04
3.431372751947492361e-04
3.667269193101674318e-04
3.684457624331116676e-04
3.558158641681075096e-04
3.644737880676984787e-04
3.552172274794429541e-04
3.653800522442907095e-04
3.497343277558684349e-04
3.679091460071504116e-04
3.234506293665617704e-04
3.369280020706355572e-04
3.614989982452243567e-04
3.520310856401920319e-04
3.499103186186403036e-04
3.392859944142401218e-04
3.558456373866647482e-04
3.133639402221888304e-04
3.507574438117444515e-04
3.501063620205968618e-04
3.166099486406892538e-04
3.739778185263276100e-04
3.480906598269939423e-04
3.245093685109168291e-04
3.707709547597914934e-04
3.343320568092167377e-04
3.618175396695733070e-04
3.331665357109159231e-04
3.321496478747576475e-04
3.648797865025699139e-04
3.531389811541885138e-04
3.698872460518032312e-04
3.406783798709511757e-04
3.557374584488570690e-04
3.433150704950094223e-04
3.578567993827164173e-04
3.067403449676930904e-04
3.599477640818804502e-04
3.382334834896028042e-04
3.501906758174300194e-04
3.397817490622401237e-04
3.653689345810562372e-04
3.730457101482897997e-04
3.683776012621819973e-04
3.157369792461395264e-04
3.700448432937264442e-04
3.265817358624190092e-04
3.454515535850077868e-04
3.613817389123141766e-04
3.388266777619719505e-04
3.416076069697737694e-04
3.613973094616085291e-04
3.195296449121087790e-04
3.510955721139907837e-04
3.512622206471860409e-04
3.438867570366710424e-04
3.269831067882478237e-04
2.982570440508425236e-04
3.452993987593799829e-04
3.489090595394372940e-04
3.520963364280760288e-04
3.519650199450552464e-04
3.670451696962118149e-04
3.458393912296742201e-04
3.315126814413815737e-04
3.613753942772746086e-04
3.220952348783612251e-04
3.598341136239469051e-04
3.623923985287547112e-04
3.603226214181631804e-04
3.357807290740311146e-04
3.291062021162360907e-04
3.490270173642784357e-04
3.630033170338720083e-04
3.482626634649932384e-04
3.623310767579823732e-04
3.139872278552502394e-04
3.442676970735192299e-04
3.535339201334863901e-04
3.618931223172694445e-04
3.667642595246434212e-04
3.581196651794016361e-04
3.626052639447152615e-04
3.544173960108309984e-04
3.593876899685710669e-04
3.629937418736517429e-04
3.445905167609453201e-04
3.710318997036665678e-04
3.427276096772402525e-04
3.649067948572337627e-04
3.523921186570078135e-04
3.689943987410515547e-04
3.687224816530942917e-04
3.684138355311006308e-04
3.199176862835884094e-04
3.524214844219386578e-04
3.594096633605659008e-04
3.614632878452539444e-04
3.455854603089392185e-04
3.639426431618630886e-04
3.762103151530027390e-04
3.497229481581598520e-04
3.467295609880238771e-04
3.578916075639426708e-04
3.697139327414333820e-04
3.511153336148709059e-04
3.573551948647946119e-04
3.709545126184821129e-04
3.489734954200685024e-04
3.139655455015599728e-04
3.618895716499537230e-04
3.281411190982908010e-04
3.298028022982180119e-04
3.514802374411374331e-04
3.500646271277219057e-04
3.642979136202484369e-04
3.284619306214153767e-04
3.577353199943900108e-04
3.610587154980748892e-04
3.491509705781936646e-04
3.667536657303571701e-04
3.478683647699654102e-04
3.616178873926401138e-04
3.131748817395418882e-04
3.289220039732754230e-04
3.110256802756339312e-04
3.469730145297944546e-04
3.554861177690327168e-04
3.499958256725221872e-04
3.372693608980625868e-04
3.702074172906577587e-04
3.643305681180208921e-04
3.376220702193677425e-04
3.419716667849570513e-04
3.542060730978846550e-04
3.585799422580748796e-04
3.690081357490271330e-04
3.518963931128382683e-04
3.381890419404953718e-04
3.619315684773027897e-04
3.632847510743886232e-04
3.621635551098734140e-04
3.375180531293153763e-04
3.642071387730538845e-04
3.184895904269069433e-04
3.389760968275368214e-04
3.572406712919473648e-04
3.701105306390672922e-04
3.430617216508835554e-04
3.386918397154659033e-04
3.330208419356495142e-04
3.721480898093432188e-04
3.384409064892679453e-04
3.729761519934982061e-04
3.418543201405555010e-04
3.494528937153518200e-04
3.616698668338358402e-04
3.190603456459939480e-04
3.705529961735010147e-04
3.481643216218799353e-04
3.666562552098184824e-04
3.558336466085165739e-04
3.195141907781362534e-04
3.400392597541213036e-04
3.628701088018715382e-04
3.515690041240304708e-04
3.531574620865285397e-04
3.657517954707145691e-04
3.491750103421509266e-04
3.600245690904557705e-04
3.638095804490149021e-04
3.425473987590521574e-04
3.561413032002747059e-04
3.561027115210890770e-04
3.430645738262683153e-04
3.507586370687931776e-04
3.423735324759036303e-04
3.319848328828811646e-04
3.555225557647645473e-04
3.428542986512184143e-04
3.478341095615178347e-04
2.945633605122566223e-04
3.185889800079166889e-04
3.543452476151287556e-04
3.650164289865642786e-04
3.242682432755827904e-04
3.296249778941273689e-04
3.637879271991550922e-04
3.298975643701851368e-04
3.598282637540251017e-04
3.482683096081018448e-04
3.344564465805888176e-04
3.588068648241460323e-04
3.553206915967166424e-04
3.609318519011139870e-04
3.725296119228005409e-04
3.680428199004381895e-04
3.647689591161906719e-04
3.560251789167523384e-04
3.284997656010091305e-04
3.393526130821555853e-04
3.188970731571316719e-04
3.483532927930355072e-04
3.184631059411913157e-04
3.588855615817010403e-04
3.692969039548188448e-04
3.208231064490973949e-04
3.756400255952030420e-04
3.152659628540277481e-04
3.072797553613781929e-04
3.601761127356439829e-04
3.673265164252370596e-04
3.593651927076280117e-04
3.573785361368209124e-04
3.634210734162479639e-04
3.360086120665073395e-04
3.610739659052342176e-04
3.575043228920549154e-04
3.549679240677505732e-04
3.489585360512137413e-04
3.413898230064660311e-04
3.529833047650754452e-04
3.422420704737305641e-04
3.706978750415146351e-04
3.454304824117571115e-04
3.596788737922906876e-04
3.357433597557246685e-04
3.715804487001150846e-04
3.734257479663938284e-04
3.381487331353127956e-04
3.332167980261147022e-04
3.345012664794921875e-04
3.640098439063876867e-04
3.375271917320787907e-04
3.603188088163733482e-04
3.297722723800688982e-04
3.592611465137451887e-04
3.708892618305981159e-04
3.700429806485772133e-04
3.312233020551502705e-04
3.694149490911513567e-04
3.649280406534671783e-04
3.260913654230535030e-04
3.460503940004855394e-04
3.580317425075918436e-04
3.332540509290993214e-04
3.312923072371631861e-04
2.891804906539618969e-04
3.397991531528532505e-04
3.628298582043498755e-04
3.573792928364127874e-04
3.239011275582015514e-04
3.648554265964776278e-04
3.537230659276247025e-04
3.449139185249805450e-04
3.671824815683066845e-04
3.387158794794231653e-04
2.908651658799499273e-04
3.382076392881572247e-04
3.642826923169195652e-04
3.637474728748202324e-04
3.624860837589949369e-04
3.252543974667787552e-04
3.436561964917927980e-04
3.556346928235143423e-04
3.362070710863918066e-04
3.450342046562582254e-04
3.589850966818630695e-04
3.682102251332253218e-04
3.521139733493328094e-04
3.647022531367838383e-04
3.584729565773159266e-04
3.677618515212088823e-04
3.290648746769875288e-04
3.534865973051637411e-04
3.570327244233340025e-04
3.335158980917185545e-04
3.654070314951241016e-04
3.607017279136925936e-04
3.374927327968180180e-04
3.688200667966157198e-04
3.358855319675058126e-04
3.511325921863317490e-04
3.623810189310461283e-04
3.397957480046898127e-04
3.744129207916557789e-04
3.500974562484771013e-04
3.549038956407457590e-04
3.504586347844451666e-04
3.539812751114368439e-04
3.724460839293897152e-04
3.536127042025327682e-04
3.554011054802685976e-04
3.671131271403282881e-04
3.610028943512588739e-04
3.687394491862505674e-04
3.680032968986779451e-04
3.450483782216906548e-04
3.509824164211750031e-04
3.564020153135061264e-04
3.361239214427769184e-04
3.567395906429737806e-04
3.375702362973242998e-04
3.608300175983458757e-04
3.620386705733835697e-04
3.622991498559713364e-04
3.259069635532796383e-04
3.606184036470949650e-04
3.489916853141039610e-04
3.387001634109765291e-04
3.591315471567213535e-04
3.308355226181447506e-04
3.303390985820442438e-04
3.171582939103245735e-04
3.697073261719197035e-04
3.449548094067722559e-04
3.313068882562220097e-04
3.599125193431973457e-04
3.471189411357045174e-04
3.556700830813497305e-04
3.746555012185126543e-04
3.180863568559288979e-04
3.530017856974154711e-04
3.680546942632645369e-04
3.641223302111029625e-04
3.369141777511686087e-04
3.555666480679064989e-04
3.630192950367927551e-04
3.592535213101655245e-04
3.317399823572486639e-04
3.578925679903477430e-04
3.654122701846063137e-04
3.410513454582542181e-04
3.688612487167119980e-04
3.541051119100302458e-04
3.629447310231626034e-04
3.559192409738898277e-04
3.261356614530086517e-04
3.126589290332049131e-04
3.561633639037609100e-04
3.405263414606451988e-04
3.199804923497140408e-04
3.492819378152489662e-04
3.590043343137949705e-04
3.721910179592669010e-04
3.618003102019429207e-04
3.505762142594903708e-04
3.678390639834105968e-04
3.578774631023406982e-04
3.325419675093144178e-04
3.180829517077654600e-04
3.518978483043611050e-04
3.378835099283605814e-04
3.630230785347521305e-04
3.606350219342857599e-04
3.596385649871081114e-04
3.621542127802968025e-04
3.458267892710864544e-04
3.494749544188380241e-04
3.306592989247292280e-04
3.483231994323432446e-04
3.573776630219072104e-04
3.371856582816690207e-04
3.604543453548103571e-04
3.546000225469470024e-04
3.647331323008984327e-04
3.519273304846137762e-04
3.619784547481685877e-04
3.500865132082253695e-04
3.156317106913775206e-04
3.473559336271136999e-04
3.527907829266041517e-04
3.525218926370143890e-04
3.566929954104125500e-04
3.442305314820259809e-04
3.563874633982777596e-04
3.454005345702171326e-04
3.456509148236364126e-04
3.713083278853446245e-04
3.309129388071596622e-04
3.648264100775122643e-04
3.447152848821133375e-04
3.369209007360041142e-04
3.523121413309127092e-04
3.326490987092256546e-04
3.349045582581311464e-04
3.327664744574576616e-04
3.502812178339809179e-04
3.468598297331482172e-04
3.530979738570749760e-04
3.510446695145219564e-04
3.435076214373111725e-04
3.623700467869639397e-04
3.525324573274701834e-04
3.700741508509963751e-04
3.659189096651971340e-04
3.591237473301589489e-04
3.585544764064252377e-04
3.515621065162122250e-04
3.461146552581340075e-04
3.617493202909827232e-04
3.249221481382846832e-04
3.578745527192950249e-04
3.535354044288396835e-04
3.575252485461533070e-04
3.677356580737978220e-04
3.666704578790813684e-04
3.026563499588519335e-04
3.505606437101960182e-04
3.618265036493539810e-04
3.630889113992452621e-04
3.522865881677716970e-04
3.399071865715086460e-04
3.532737027853727341e-04
3.601833595894277096e-04
3.439008432906121016e-04
3.420944558456540108e-04
3.629626298788934946e-04
3.700685920193791389e-04
3.705795970745384693e-04
3.706524730660021305e-04
3.166453680023550987e-04
3.173577424604445696e-04
3.519562305882573128e-04
3.507148940116167068e-04
3.632101579569280148e-04
3.658135537989437580e-04
3.465214394964277744e-04
3.570555418264120817e-04
3.529940440785139799e-04
3.561310586519539356e-04
3.479732840787619352e-04
3.421115980017930269e-04
3.651813603937625885e-04
3.500818274915218353e-04
3.641616785898804665e-04
3.609890991356223822e-04
3.469434159342199564e-04
3.625069803092628717e-04
3.499657905194908381e-04
3.329848696012049913e-04
3.642780939117074013e-04
3.615526657085865736e-04
3.657150955405086279e-04
3.614971647039055824e-04
3.299454692751169205e-04
3.664604155346751213e-04
3.667228156700730324e-04
3.619442868512123823e-04
3.576774906832724810e-04
3.478112921584397554e-04
3.366805613040924072e-04
3.578111936803907156e-04
3.496889548841863871e-04
3.064071352127939463e-04
3.404120507184416056e-04
3.772180643863976002e-04
3.640693321358412504e-04
3.622885269578546286e-04
3.428213531151413918e-04
3.660246147774159908e-04
3.688271390274167061e-04
3.590892592910677195e-04
3.329777391627430916e-04
3.590148990042507648e-04
3.656843618955463171e-04
3.655063919723033905e-04
3.584057558327913284e-04
3.470610245130956173e-04
3.572127607185393572e-04
3.582816570997238159e-04
3.070513484999537468e-04
3.590912092477083206e-04
3.576805174816399813e-04
3.439572174102067947e-04
3.552362031769007444e-04
3.536486765369772911e-04
3.433076199144124985e-04
3.643311501946300268e-04
3.228389832656830549e-04
3.669838770292699337e-04
3.505061322357505560e-04
3.510209207888692617e-04
3.517262812238186598e-04
3.537380544003099203e-04
3.606582758948206902e-04
3.695960622280836105e-04
3.699294757097959518e-04
3.501193132251501083e-04
3.706435381900519133e-04
3.534101124387234449e-04
3.623767697717994452e-04
3.086680080741643906e-04
3.633365267887711525e-04
3.614955057855695486e-04
3.394538653083145618e-04
3.626232501119375229e-04
3.594791051000356674e-04
3.377258835826069117e-04
3.511284012347459793e-04
3.307679144199937582e-04
3.505761269479990005e-04
3.188048722222447395e-04
3.744831483345478773e-04
3.509632952045649290e-04
3.599781775847077370e-04
3.633830056060105562e-04
3.444111498538404703e-04
3.628162958193570375e-04
3.384566516615450382e-04
3.623819211497902870e-04
3.620089846663177013e-04
3.494822885841131210e-04
3.546226944308727980e-04
3.699148655869066715e-04
3.691291203722357750e-04
3.620119823608547449e-04
3.652965824585407972e-04
3.419076674617826939e-04
3.574394795577973127e-04
3.472653916105628014e-04
3.323057899251580238e-04
3.578021423891186714e-04
3.568248066585510969e-04
3.751591721083968878e-04
3.698274667840451002e-04
3.705882700160145760e-04
3.148876421619206667e-04
3.573218127712607384e-04
3.402425209060311317e-04
3.619710623752325773e-04
3.419935528654605150e-04
3.480054729152470827e-04
3.364634758327156305e-04
3.378416004125028849e-04
3.501654719002544880e-04
3.472996759228408337e-04
3.595079760998487473e-04
3.627042169682681561e-04
3.380386042408645153e-04
3.631445579230785370e-04
3.685214032884687185e-04
3.670502337627112865e-04
3.619712078943848610e-04
3.489621449261903763e-04
3.473067772574722767e-04
3.451230295468121767e-04
3.655125328805297613e-04
3.671257290989160538e-04
3.594654845073819160e-04
3.682351380120962858e-04
3.530069370754063129e-04
3.607421531341969967e-04
3.559837059583514929e-04
3.540962061379104853e-04
3.678931389003992081e-04
3.629766579251736403e-04
3.759585379157215357e-04
3.662743256427347660e-04
3.423875023145228624e-04
3.232367453165352345e-04
3.707955766003578901e-04
3.353223437443375587e-04
3.219098143745213747e-04
3.552887064870446920e-04
3.628881531767547131e-04
3.715201746672391891e-04
3.430708602536469698e-04
3.463629400357604027e-04
3.703525580931454897e-04
3.373597282916307449e-04
3.579909389372915030e-04
3.473428077995777130e-04
3.503967018332332373e-04
3.280115197412669659e-04
3.425424802117049694e-04
3.666774136945605278e-04
3.642358933575451374e-04
3.603671502787619829e-04
3.414113598410040140e-04
3.384462906979024410e-04
3.596404276322573423e-04
3.429506905376911163e-04
3.689899458549916744e-04
3.579270851332694292e-04
3.464791807346045971e-04
3.638992493506520987e-04
3.487207868602126837e-04
3.663568932097405195e-04
3.546572406776249409e-04
3.295120550319552422e-04
3.726107242982834578e-04
3.113530110567808151e-04
3.641918010544031858e-04
3.437225823290646076e-04
3.158950130455195904e-04
3.444550675339996815e-04
3.682383685372769833e-04
3.695916675496846437e-04
3.556993033271282911e-04
3.643919189926236868e-04
3.727321163751184940e-04
3.656859917100518942e-04
3.497863071970641613e-04
3.628260456025600433e-04
3.452172968536615372e-04
3.596552705857902765e-04
3.666263655759394169e-04
3.540324978530406952e-04
3.621249925345182419e-04
3.509634407237172127e-04
3.580236807465553284e-04
3.582529316190630198e-04
3.581389319151639938e-04
3.546239458955824375e-04
3.675010520964860916e-04
3.349687031004577875e-04
3.593414439819753170e-04
3.503714688122272491e-04
3.603732329793274403e-04
3.441610315348953009e-04
3.569062100723385811e-04
3.637930494733154774e-04
2.810290316119790077e-04
3.313950728625059128e-04
3.612354339566081762e-04
3.633331507444381714e-04
3.672871680464595556e-04
3.660627990029752254e-04
3.616441681515425444e-04
3.345577279105782509e-04
3.593174624256789684e-04
3.636376350186765194e-04
3.601322241593152285e-04
3.681401722133159637e-04
3.653533931355923414e-04
3.550196415744721889e-04
3.637075424194335938e-04
3.442512534093111753e-04
3.397360560484230518e-04
3.680964582599699497e-04
3.445158072281628847e-04
3.466774942353367805e-04
3.413155791349709034e-04
3.588389372453093529e-04
3.633599262684583664e-04
3.571311826817691326e-04
3.577720199245959520e-04
3.575129667297005653e-04
3.668394056148827076e-04
3.647310950327664614e-04
3.292314650025218725e-04
3.669908037409186363e-04
3.549637331161648035e-04
3.548120439518243074e-04
3.501470491755753756e-04
3.636277397163212299e-04
3.440988366492092609e-04
3.021697630174458027e-04
3.665867261588573456e-04
3.665297408588230610e-04
3.502160252537578344e-04
3.627483383752405643e-04
3.426883777137845755e-04
3.630313731264322996e-04
3.376773966010659933e-04
3.235421318095177412e-04
3.361645212862640619e-04
3.630526480264961720e-04
3.597832110244780779e-04
2.880497195292264223e-04
3.659139911178499460e-04
3.558948228601366282e-04
3.360630944371223450e-04
3.646496334113180637e-04
3.362803254276514053e-04
3.576537710614502430e-04
3.579210606403648853e-04
3.423862217459827662e-04
3.513855044730007648e-04
3.590165579225867987e-04
3.648463753052055836e-04
3.666366683319211006e-04
3.209114947821944952e-04
3.630790160968899727e-04
3.364800359122455120e-04
3.543066850397735834e-04
3.519191523082554340e-04
3.422951267566531897e-04
3.552236303221434355e-04
3.569075197447091341e-04
3.459569998085498810e-04
3.471684176474809647e-04
3.683509130496531725e-04
3.330302715767174959e-04
3.408479387871921062e-04
3.274872724432498217e-04
3.567742533050477505e-04
3.540466714184731245e-04
3.549824468791484833e-04
3.551600675564259291e-04
3.636042820289731026e-04
3.087064542341977358e-04
3.643313539214432240e-04
3.485446504782885313e-04
3.426152106840163469e-04
3.643622621893882751e-04
3.144817892462015152e-04
3.400764544494450092e-04
3.571192210074514151e-04
3.404182498343288898e-04
3.675262269098311663e-04
3.522613260429352522e-04
3.521484031807631254e-04
3.237026976421475410e-04
3.472403332125395536e-04
3.409047203604131937e-04
3.690923622343689203e-04
3.770195762626826763e-04
3.584756050258874893e-04
3.346103476360440254e-04
3.421830770093947649e-04
3.293575718998908997e-04
3.676827182061970234e-04
3.576932940632104874e-04
3.695783088915050030e-04
3.344195138197392225e-04
3.736177168320864439e-04
3.641962830442935228e-04
3.583338693715631962e-04
3.609834529925137758e-04
3.623256343416869640e-04
3.474962140899151564e-04
3.465229528956115246e-04
3.489472437649965286e-04
3.735140198841691017e-04
3.576000744942575693e-04
3.608334227465093136e-04
3.753945638891309500e-04
3.709497977979481220e-04
3.183760272804647684e-04
3.448709030635654926e-04
3.580707707442343235e-04
3.516365250106900930e-04
3.662629460450261831e-04
3.616730100475251675e-04
3.709176089614629745e-04
3.563338832464069128e-04
