3.581318596843630075e-04
3.253365575801581144e-04
3.981424379162490368e-04
3.600293421186506748e-04
3.237549099139869213e-04
3.667949349619448185e-04
3.237905330024659634e-04
3.532577247824519873e-04
3.731773176696151495e-04
3.808819456025958061e-04
3.344181750435382128e-04
3.284112317487597466e-04
3.926968493033200502e-04
3.711398749146610498e-04
3.636760811787098646e-04
3.074730047956109047e-04
3.722535329870879650e-04
3.829958150163292885e-04
3.631159197539091110e-04
3.262099926359951496e-04
3.980277688242495060e-04
3.306821745354682207e-04
3.273761540185660124e-04
3.854598035104572773e-04
4.023074870929121971e-04
3.105777723249047995e-04
3.789332113228738308e-04
3.245935658924281597e-04
3.715522179845720530e-04
2.923308056779205799e-04
3.453610988799482584e-04
4.078396887052804232e-04
2.732254506554454565e-04
3.647048433776944876e-04
3.303341800346970558e-04
3.435313410591334105e-04
3.713733749464154243e-04
3.449482028372585773e-04
2.631367533467710018e-04
4.174881032668054104e-04
2.285374212078750134e-04
3.496507415547966957e-04
3.359781985636800528e-04
3.680960508063435555e-04
3.299199161119759083e-04
3.860474971588701010e-04
3.388222830835729837e-04
3.360406262800097466e-04
4.006495000794529915e-04
2.837406937032938004e-04
4.216305387672036886e-04
3.709227312356233597e-04
3.264739352744072676e-04
3.766849113162606955e-04
3.192680596839636564e-04
3.252666210755705833e-04
3.224275133106857538e-04
2.957990218419581652e-04
4.214757063891738653e-04
3.595049784053117037e-04
2.982623991556465626e-04
3.645468386821448803e-04
2.757426700554788113e-04
3.414013772271573544e-04
3.860446740873157978e-04
3.558095486368983984e-04
2.927603491116315126e-04
3.727065923158079386e-04
3.527049557305872440e-04
3.057422582060098648e-04
3.385212912689894438e-04
4.450629057828336954e-04
3.282511024735867977e-04
3.623524680733680725e-04
3.851608489640057087e-04
4.139918019063770771e-04
3.961507463827729225e-04
4.232890496496111155e-04
4.449567350093275309e-04
2.298899780726060271e-04
3.713240730576217175e-04
4.114759503863751888e-04
3.780280239880084991e-04
2.129889471689239144e-04
3.199090133421123028e-04
3.882149758283048868e-04
3.796636301558464766e-04
3.582769713830202818e-04
2.973349764943122864e-04
3.385926247574388981e-04
3.041436430066823959e-04
3.969834651798009872e-04
3.648519341368228197e-04
3.695928317029029131e-04
2.647276560310274363e-04
3.751048934645950794e-04
3.196754551026970148e-04
3.772797062993049622e-04
3.867378691211342812e-04
2.374750474700704217e-04
3.505223721731454134e-04
3.779547987505793571e-04
3.371956117916852236e-04
3.423870948608964682e-04
2.576003607828170061e-04
2.924297878053039312e-04
3.604059165809303522e-04
3.636736364569514990e-04
3.704613191075623035e-04
3.804739098995923996e-04
3.917805734090507030e-04
3.449099021963775158e-04
3.183146764058619738e-04
3.301445103716105223e-04
3.441193257458508015e-04
1.899249036796391010e-04
3.367059980519115925e-04
3.909408987965434790e-04
3.489928494673222303e-04
3.462891909293830395e-04
3.805730375461280346e-04
3.976877196691930294e-04
3.553761634975671768e-04
3.706499701365828514e-04
3.829228226095438004e-04
3.449840587563812733e-04
4.096589691471308470e-04
4.680622078012675047e-04
2.984795137308537960e-04
4.062395018991082907e-04
3.639887727331370115e-04
3.560438344720751047e-04
3.581150958780199289e-04
3.363165305927395821e-04
3.789576294366270304e-04
3.241437370888888836e-04
3.678507928270846605e-04
3.760931140277534723e-04
3.444953181315213442e-04
2.836892672348767519e-04
3.367790777701884508e-04
3.749047755263745785e-04
2.651940449140965939e-04
4.324787587393075228e-04
3.641635121311992407e-04
3.082927723880857229e-04
3.370932827237993479e-04
3.759111277759075165e-04
3.297977382317185402e-04
3.444790199864655733e-04
1.400135661242529750e-04
3.638091438915580511e-04
3.579412004910409451e-04
3.626093384809792042e-04
3.457743732724338770e-04
3.654519678093492985e-04
3.264471306465566158e-04
3.632216539699584246e-04
3.428466152399778366e-04
3.326978185214102268e-04
3.692857571877539158e-04
3.487804497126489878e-04
3.891655069310218096e-04
3.103194758296012878e-04
2.720158663578331470e-04
3.707538417074829340e-04
4.061566723976284266e-04
3.686172422021627426e-04
3.247289860155433416e-04
3.865180187858641148e-04
3.524353669490665197e-04
3.624458913691341877e-04
3.893152170348912477e-04
3.502721956465393305e-04
3.829572233371436596e-04
3.419324057176709175e-04
3.954290586989372969e-04
4.491392173804342747e-04
3.500204184092581272e-04
3.290996246505528688e-04
3.437703999225050211e-04
3.252541064284741879e-04
3.764549037441611290e-04
3.552577109076082706e-04
3.526186046656221151e-04
3.433140518609434366e-04
2.743387594819068909e-04
3.154621808789670467e-04
3.669031721074134111e-04
2.921122359111905098e-04
2.945809683296829462e-04
3.719815576914697886e-04
3.339637478347867727e-04
3.442837623879313469e-04
3.528310626279562712e-04
3.910482046194374561e-04
3.373622603248804808e-04
3.586307284422218800e-04
4.201223200652748346e-04
3.563509089872241020e-04
3.331720072310417891e-04
2.744274970609694719e-04
3.370632184669375420e-04
3.565619117580354214e-04
3.311314794700592756e-04
3.656799090094864368e-04
3.815562231466174126e-04
4.070044378750026226e-04
3.697701904457062483e-04
3.787156019825488329e-04
3.650837461464107037e-04
3.286728460807353258e-04
4.015900485683232546e-04
3.927871875930577517e-04
3.317119553685188293e-04
3.218996280338615179e-04
3.774866054300218821e-04
2.809419529512524605e-04
3.738436789717525244e-04
3.097253502346575260e-04
3.512794210109859705e-04
3.262635145802050829e-04
2.793298044707626104e-04
3.632556181401014328e-04
3.912122047040611506e-04
4.261209396645426750e-04
3.443488094490021467e-04
3.413553058635443449e-04
3.658384375739842653e-04
3.649861901067197323e-04
4.001170746050775051e-04
3.891197266057133675e-04
2.720103657338768244e-04
4.011963610537350178e-04
3.848716442007571459e-04
3.446651680860668421e-04
4.028519906569272280e-04
3.494005068205296993e-04
3.348267346154898405e-04
3.777713282033801079e-04
3.122419293504208326e-04
3.585499653127044439e-04
3.697551146615296602e-04
3.260912490077316761e-04
3.503346524666994810e-04
3.499868616927415133e-04
2.939999685622751713e-04
3.411675570532679558e-04
4.046596877742558718e-04
3.484260814730077982e-04
3.664357936941087246e-04
4.139322845730930567e-04
4.059696802869439125e-04
3.928570949938148260e-04
4.196738300379365683e-04
3.754546341951936483e-04
3.215531760361045599e-04
3.015394904650747776e-04
3.663225797936320305e-04
4.806209472008049488e-04
3.471101517789065838e-04
3.359857655595988035e-04
3.970309044234454632e-04
3.868449712172150612e-04
3.537804586812853813e-04
3.858675481751561165e-04
3.614284505601972342e-04
3.538892487995326519e-04
3.047665522899478674e-04
2.839412190951406956e-04
3.828428743872791529e-04
3.033166867680847645e-04
3.512741532176733017e-04
3.607636026572436094e-04
3.386226308066397905e-04
3.654067404568195343e-04
3.661537775769829750e-04
3.652161685749888420e-04
3.201388171873986721e-04
4.100964870303869247e-04
3.976040170527994633e-04
3.317912342026829720e-04
2.742249635048210621e-04
3.694012993946671486e-04
3.774657379835844040e-04
4.205958684906363487e-04
3.406808245927095413e-04
2.814588078763335943e-04
3.947469231206923723e-04
3.493105468805879354e-04
3.195671888533979654e-04
3.149632248096168041e-04
2.808110148180276155e-04
3.719373198691755533e-04
3.284073027316480875e-04
3.520785539876669645e-04
3.700836969073861837e-04
3.594041336327791214e-04
3.626199322752654552e-04
3.366318996995687485e-04
3.202020598109811544e-04
3.426979237701743841e-04
3.888802311848849058e-04
4.052515723742544651e-04
3.568542306311428547e-04
2.226341894129291177e-04
3.345267614349722862e-04
3.772228374145925045e-04
3.722373803611844778e-04
4.083518870174884796e-04
3.353197535034269094e-04
3.249375440645962954e-04
3.502070612739771605e-04
3.452404635027050972e-04
3.947826044168323278e-04
3.846630279440432787e-04
3.815585805568844080e-04
2.917258534580469131e-04
3.501233004499226809e-04
3.455333644524216652e-04
3.652072336990386248e-04
2.123621088685467839e-04
3.539026074577122927e-04
4.154670168645679951e-04
3.459817089606076479e-04
2.403193066129460931e-04
3.631784929893910885e-04
3.789955808315426111e-04
3.443871100898832083e-04
3.356324741616845131e-04
4.125098930671811104e-04
3.577577008400112391e-04
3.889569197781383991e-04
3.351791820023208857e-04
3.263081016484647989e-04
3.510679816827178001e-04
4.079956270288676023e-04
3.233152092434465885e-04
4.100357764400541782e-04
3.763333661481738091e-04
3.146389499306678772e-04
3.619783092290163040e-04
3.656483604572713375e-04
3.638514317572116852e-04
3.281510144006460905e-04
2.944698790088295937e-04
2.681589976418763399e-04
3.849187924060970545e-04
3.485694760456681252e-04
3.431459190323948860e-04
2.685736399143934250e-04
3.375506494194269180e-04
1.902566436911001801e-04
3.402738657314330339e-04
3.076369175687432289e-04
2.786633558571338654e-04
3.557532909326255322e-04
3.665683616418391466e-04
3.739720559678971767e-04
3.675879561342298985e-04
3.861422301270067692e-04
3.832059446722269058e-04
3.881170414388179779e-04
3.983371134381741285e-04
3.425921604502946138e-04
3.247167333029210567e-04
3.798887482844293118e-04
3.932313411496579647e-04
3.959436435252428055e-04
3.623364027589559555e-04
2.499040565453469753e-04
3.967155644204467535e-04
3.509605885483324528e-04
3.045540652237832546e-04
2.896325604524463415e-04
3.277743526268750429e-04
3.326822770759463310e-04
3.648166893981397152e-04
3.663528477773070335e-04
2.546856994740664959e-04
3.492605173960328102e-04
3.509596281219273806e-04
3.667536075226962566e-04
3.632195875979959965e-04
3.541453042998909950e-04
3.368129255250096321e-04
4.367399087641388178e-04
4.075016186106950045e-04
2.809568541124463081e-04
3.832995134871453047e-04
4.016031452920287848e-04
4.194927169010043144e-04
3.052747051697224379e-04
3.522687475197017193e-04
3.361925482749938965e-04
3.192899748682975769e-04
3.756597579922527075e-04
3.429907083045691252e-04
3.312066837679594755e-04
2.063615829683840275e-04
3.301249525975435972e-04
3.692171303555369377e-04
3.727216972038149834e-04
3.171057323925197124e-04
2.951731148641556501e-04
3.399647830519825220e-04
3.542293270584195852e-04
3.655063628684729338e-04
3.480068407952785492e-04
3.167822724208235741e-04
3.745076246559619904e-04
3.659189678728580475e-04
3.708328295033425093e-04
3.184521046932786703e-04
3.739041567314416170e-04
3.375338274054229259e-04
3.533616254571825266e-04
3.236387274228036404e-04
4.004822694696485996e-04
3.330745676066726446e-04
3.184022498317062855e-04
3.040843876078724861e-04
3.355283697601407766e-04
3.668416466098278761e-04
3.022664750460535288e-04
3.515040734782814980e-04
3.221076331101357937e-04
3.783363790716975927e-04
3.406464529689401388e-04
3.834575181826949120e-04
4.139826633036136627e-04
3.620152419898658991e-04
3.978417371399700642e-04
3.320443211123347282e-04
2.992622030433267355e-04
5.608040955848991871e-04
3.668995632324367762e-04
3.933536645490676165e-04
3.086616052314639091e-04
3.768138994928449392e-04
3.982826310675591230e-04
3.470982483122497797e-04
3.685301344376057386e-04
4.284074238967150450e-04
4.263434675522148609e-04
3.008991770911961794e-04
2.999824355356395245e-04
3.848459164146333933e-04
3.388655022718012333e-04
3.502054023556411266e-04
3.773650096263736486e-04
3.508533991407603025e-04
3.562424390111118555e-04
3.881121810991317034e-04
3.656301705632358789e-04
2.853834594134241343e-04
4.371708782855421305e-04
4.161845427006483078e-04
3.668273566290736198e-04
3.402484289836138487e-04
3.395420499145984650e-04
3.692370955832302570e-04
3.212941519450396299e-04
3.169567789882421494e-04
3.289117594249546528e-04
3.168594848830252886e-04
3.939353337045758963e-04
3.717164508998394012e-04
3.850178327411413193e-04
3.794618241954594851e-04
3.495581040624529123e-04
2.775030443444848061e-04
3.825522726401686668e-04
3.656175977084785700e-04
3.765595320146530867e-04
3.577833704184740782e-04
2.954875526484102011e-04
3.138120810035616159e-04
3.741965338122099638e-04
4.192761552985757589e-04
4.323541652411222458e-04
4.301264125388115644e-04
3.178011684212833643e-04
3.253635950386524200e-04
3.882329910993576050e-04
3.469511866569519043e-04
3.650689322967082262e-04
3.169951960444450378e-04
3.715970669873058796e-04
3.156867751386016607e-04
3.546818916220217943e-04
3.777505189646035433e-04
3.480385057628154755e-04
3.410716599319130182e-04
2.880086831282824278e-04
3.416162217035889626e-04
5.890835309401154518e-04
3.752738120965659618e-04
3.344303404446691275e-04
3.578473115339875221e-04
3.466056950856000185e-04
3.645184915512800217e-04
3.661545051727443933e-04
2.705252554733306170e-04
3.924992051906883717e-04
3.551685658749192953e-04
3.457378479652106762e-04
3.703766269609332085e-04
3.303646517451852560e-04
3.726264403667300940e-04
3.185843524988740683e-04
3.976945590693503618e-04
3.616793255787342787e-04
3.440451691858470440e-04
3.636894689407199621e-04
3.078045265283435583e-04
3.912281827069818974e-04
3.170087293256074190e-04
2.886597067117691040e-04
3.530062385834753513e-04
3.382512077223509550e-04
3.646230616141110659e-04
4.380153259262442589e-04
3.805222513619810343e-04
3.380411653779447079e-04
3.878151765093207359e-04
3.076350840274244547e-04
4.073062445968389511e-04
3.290484892204403877e-04
3.017832932528108358e-04
3.566299274098128080e-04
3.682693059090524912e-04
3.217249468434602022e-04
3.511425748001784086e-04
3.514602431096136570e-04
3.186355170328170061e-04
3.952574334107339382e-04
3.982354537583887577e-04
4.264242597855627537e-04
3.410906938370317221e-04
3.592784341890364885e-04
2.137476403731852770e-04
3.812934737652540207e-04
3.264886036049574614e-04
3.764611028600484133e-04
3.342665149830281734e-04
3.561491903383284807e-04
3.883592144120484591e-04
3.583645157050341368e-04
3.427664923947304487e-04
3.358548274263739586e-04
3.420698340050876141e-04
3.459293802734464407e-04
3.863125166390091181e-04
2.983490121550858021e-04
3.616865142248570919e-04
3.522181359585374594e-04
3.453604294918477535e-04
3.423922171350568533e-04
3.519507881719619036e-04
3.792365605477243662e-04
3.321394615340977907e-04
4.107819113414734602e-04
2.588700153864920139e-04
3.567656967788934708e-04
3.738362865988165140e-04
3.099744499195367098e-04
3.415004175622016191e-04
2.919419493991881609e-04
3.658819769043475389e-04
4.128287546336650848e-04
3.754780627787113190e-04
3.688727738335728645e-04
4.002496716566383839e-04
3.109354001935571432e-04
3.351661143824458122e-04
3.218094934709370136e-04
3.295391506981104612e-04
2.525688905734568834e-04
3.683491959236562252e-04
3.587879182305186987e-04
3.613442531786859035e-04
3.865062317345291376e-04
3.939189482480287552e-04
3.737559018190950155e-04
3.619588969741016626e-04
3.872383385896682739e-04
3.947805089410394430e-04
4.126405401621013880e-04
4.008161195088177919e-04
3.852343943435698748e-04
3.727342118509113789e-04
3.651018778327852488e-04
3.697585198096930981e-04
3.715970087796449661e-04
4.307602648623287678e-04
3.864038444589823484e-04
3.560055047273635864e-04
4.023299552500247955e-04
3.008592757396399975e-04
4.025789967272430658e-04
3.605477104429155588e-04
2.259214234072715044e-04
4.423632635734975338e-04
3.356006345711648464e-04
3.197294136043637991e-04
3.292494511697441339e-04
3.678240464068949223e-04
3.514028794597834349e-04
3.720875829458236694e-04
3.612343862187117338e-04
3.868938656523823738e-04
3.858212148770689964e-04
3.200250212103128433e-04
3.086933284066617489e-04
3.679545188788324594e-04
2.783493255265057087e-04
4.069907590746879578e-04
3.835794632323086262e-04
3.648658748716115952e-04
3.043783071916550398e-04
3.104693023487925529e-04
3.019190626218914986e-04
3.374212537892162800e-04
3.444167086854577065e-04
3.327305021230131388e-04
2.335733879590407014e-04
3.503043262753635645e-04
3.340627881698310375e-04
3.715186612680554390e-04
4.012947028968483210e-04
2.664699859451502562e-04
3.633596061263233423e-04
3.553593414835631847e-04
2.458255330566316843e-04
3.929510130546987057e-04
1.620407711016014218e-04
3.523814957588911057e-04
3.390386118553578854e-04
3.481864696368575096e-04
3.367509343661367893e-04
3.558473254088312387e-04
3.503694606479257345e-04
3.484520420897752047e-04
2.875060599762946367e-04
3.915303095709532499e-04
3.280791279394179583e-04
3.421879082452505827e-04
3.823367587756365538e-04
3.801147686317563057e-04
2.715984301175922155e-04
3.846416075248271227e-04
3.494172415230423212e-04
3.117176820524036884e-04
3.226479748263955116e-04
3.522724437061697245e-04
3.461997839622199535e-04
2.778140187729150057e-04
3.543159982655197382e-04
3.541733603924512863e-04
4.153960908297449350e-04
3.452571982052177191e-04
3.738029918167740107e-04
3.603297518566250801e-04
3.160654159728437662e-04
3.925889905076473951e-04
3.490560338832437992e-04
3.342840645927935839e-04
3.671763115562498569e-04
3.242458624299615622e-04
3.449212817940860987e-04
4.138124058954417706e-04
3.257170901633799076e-04
3.894772671628743410e-04
3.515654243528842926e-04
3.725710266735404730e-04
3.445133625064045191e-04
2.904841094277799129e-04
3.689054865390062332e-04
3.958290326409041882e-04
3.527636581566184759e-04
3.395998210180550814e-04
3.428483323659747839e-04
3.257901989854872227e-04
3.834628732874989510e-04
3.624028468038886786e-04
4.183815326541662216e-04
3.745192079804837704e-04
2.828405122272670269e-04
3.424673632252961397e-04
3.217931953258812428e-04
3.292358014732599258e-04
3.760219842661172152e-04
2.853547630365937948e-04
3.448122297413647175e-04
3.645797260105609894e-04
3.618316259235143661e-04
3.447010240051895380e-04
3.391953650861978531e-04
3.419313288759440184e-04
3.333106287755072117e-04
3.481590538285672665e-04
3.567550738807767630e-04
3.557852469384670258e-04
3.335658111609518528e-04
3.279547963757067919e-04
2.974775852635502815e-04
3.101003821939229965e-04
3.427168994676321745e-04
3.708786971401423216e-04
3.288508160039782524e-04
3.662522649392485619e-04
2.275356819154694676e-04
3.317298542242497206e-04
3.765348519664257765e-04
3.648152633104473352e-04
2.790668804664164782e-04
3.329314349684864283e-04
3.847334883175790310e-04
3.974163846578449011e-04
3.887906786985695362e-04
3.889097715727984905e-04
3.110038232989609241e-04
3.322160337120294571e-04
3.237630880903452635e-04
2.702383790165185928e-04
3.326659789308905602e-04
2.878989034797996283e-04
3.498173318803310394e-04
2.843781840056180954e-04
3.491034440230578184e-04
3.497790021356195211e-04
3.869229694828391075e-04
3.659619251266121864e-04
3.163492656312882900e-04
2.916626981459558010e-04
3.754181379918009043e-04
3.903331526089459658e-04
3.637509362306445837e-04
3.647181729320436716e-04
3.453540848568081856e-04
3.426279290579259396e-04
3.528807428665459156e-04
3.771625633817166090e-04
3.852517402265220881e-04
3.450866788625717163e-04
3.748611779883503914e-04
3.297787916380912066e-04
2.889996685553342104e-04
3.155470185447484255e-04
3.623014781624078751e-04
3.414405509829521179e-04
3.507619840092957020e-04
2.868798910640180111e-04
3.672347811516374350e-04
3.514407726470381021e-04
4.096133343409746885e-04
3.842101141344755888e-04
3.108741075266152620e-04
3.246387932449579239e-04
3.325523575767874718e-04
3.629533748608082533e-04
3.694504557643085718e-04
3.084417257923632860e-04
3.485185443423688412e-04
3.435552644077688456e-04
3.448604838922619820e-04
3.523640916682779789e-04
3.689804580062627792e-04
3.750768664758652449e-04
3.450374351814389229e-04
3.176951140630990267e-04
3.715095808729529381e-04
3.293430490884929895e-04
3.513944102451205254e-04
3.568736137822270393e-04
3.027969505637884140e-04
3.996225132141262293e-04
3.821126592811197042e-04
3.494507400318980217e-04
3.053315740544348955e-04
3.840925637632608414e-04
3.128500829916447401e-04
3.182949731126427650e-04
2.993041707668453455e-04
2.627317735459655523e-04
3.004611644428223372e-04
3.440784930717200041e-04
3.079501911997795105e-04
3.093903069384396076e-04
3.377677930984646082e-04
3.478835278656333685e-04
4.221569397486746311e-04
4.115227784495800734e-04
3.678773355204612017e-04
3.556214505806565285e-04
3.921348252333700657e-04
3.433646925259381533e-04
3.577722236514091492e-04
3.467815986368805170e-04
3.490745439194142818e-04
3.528114466462284327e-04
3.304218407720327377e-04
3.392629441805183887e-04
3.763931745197623968e-04
3.282829711679369211e-04
4.296532424632459879e-04
2.836976782418787479e-04
3.467753122095018625e-04
3.994404687546193600e-04
3.753326891455799341e-04
3.380601701792329550e-04
3.695731284096837044e-04
3.800984995905309916e-04
3.420837165322154760e-04
3.324579156469553709e-04
3.288273583166301250e-04
3.964068891946226358e-04
3.575054288376122713e-04
4.069905553478747606e-04
3.734813071787357330e-04
3.724675625562667847e-04
3.632153384387493134e-04
3.555129806045442820e-04
3.535539435688406229e-04
3.181395877618342638e-04
2.404061815468594432e-04
3.463156463112682104e-04
3.478405997157096863e-04
2.847034193109720945e-04
3.746581787709146738e-04
2.660524041857570410e-04
4.068091802764683962e-04
3.506113134790211916e-04
3.408671473152935505e-04
3.320528776384890079e-04
3.627838450483977795e-04
3.074310661759227514e-04
3.786554152611643076e-04
3.693229227792471647e-04
3.646961413323879242e-04
3.747273585759103298e-04
3.040607552975416183e-04
3.265489067416638136e-04
3.625596582423895597e-04
3.659022040665149689e-04
3.548934182617813349e-04
2.871285250876098871e-04
3.812418726738542318e-04
3.974179271608591080e-04
3.679258516058325768e-04
3.390788333490490913e-04
2.753513108473271132e-04
2.765695389825850725e-04
3.225968102924525738e-04
2.963993756566196680e-04
2.839642402250319719e-04
3.789317270275205374e-04
2.304698864463716745e-04
2.698895696084946394e-04
3.207356203347444534e-04
4.023833607789129019e-04
3.431905352044850588e-04
3.635173488873988390e-04
3.115647996310144663e-04
3.560847835615277290e-04
2.976650139316916466e-04
3.805376181844621897e-04
3.833686350844800472e-04
3.754291974473744631e-04
3.721946268342435360e-04
3.416054532863199711e-04
3.604860976338386536e-04
3.019966534338891506e-04
3.412466903682798147e-04
3.985046350862830877e-04
4.078922793269157410e-04
3.056409477721899748e-04
3.784193249884992838e-04
4.155394271947443485e-04
3.781346022151410580e-04
3.541072655934840441e-04
3.444936592131853104e-04
3.914711123798042536e-04
3.467422211542725563e-04
3.945840289816260338e-04
3.620442876126617193e-04
3.305993450339883566e-04
3.210428403690457344e-04
3.015079710166901350e-04
4.135016642976552248e-04
3.750309988390654325e-04
3.876425325870513916e-04
4.054410674143582582e-04
3.468502545729279518e-04
3.934394335374236107e-04
3.746547445189207792e-04
3.644224198069423437e-04
3.110166871920228004e-04
2.648749505169689655e-04
3.157945466227829456e-04
3.204215900041162968e-04
3.651013830676674843e-04
3.090313985012471676e-04
3.311843029223382473e-04
3.469277580734342337e-04
3.538872115314006805e-04
4.046323883812874556e-04
3.730245225597172976e-04
3.730574098881334066e-04
3.572260902728885412e-04
3.163115761708468199e-04
3.581496421247720718e-04
3.791631897911429405e-04
3.431298537179827690e-04
3.709742450155317783e-04
3.848981286864727736e-04
3.808791807387024164e-04
3.399429551791399717e-04
3.785741573665291071e-04
3.284678386989980936e-04
3.437542472966015339e-04
3.417716652620583773e-04
3.817068936768919230e-04
3.537444572430104017e-04
4.285677860025316477e-04
3.502327599562704563e-04
3.178840561304241419e-04
3.388544137123972178e-04
3.606418031267821789e-04
4.107622371520847082e-04
3.598803305067121983e-04
3.813939983956515789e-04
3.826190368272364140e-04
3.859873104374855757e-04
3.374280640855431557e-04
3.484695916995406151e-04
3.623164375312626362e-04
4.205347213428467512e-04
3.415343817323446274e-04
3.656274639070034027e-04
3.227375564165413380e-04
2.956298703793436289e-04
3.413719823583960533e-04
3.804512671194970608e-04
2.908146416302770376e-04
4.060484934598207474e-04
3.233144234400242567e-04
2.559343993198126554e-04
3.056852438021451235e-04
4.304146859794855118e-04
3.457845596130937338e-04
3.832427028100937605e-04
2.229931269539520144e-04
3.774843353312462568e-04
3.185959358233958483e-04
3.191345604136586189e-04
4.085163527633994818e-04
3.598754701670259237e-04
3.934175183530896902e-04
3.616522881202399731e-04
3.840331628452986479e-04
3.300589742138981819e-04
3.536535659804940224e-04
3.448716015554964542e-04
3.696975181810557842e-04
3.789059992413967848e-04
3.810986818280071020e-04
3.441566950641572475e-04
3.132694691885262728e-04
3.824208979494869709e-04
3.517031145747750998e-04
3.845194296445697546e-04
3.307269071228802204e-04
3.819894918706268072e-04
3.282988036517053843e-04
3.594565205276012421e-04
3.866772749461233616e-04
3.383200382813811302e-04
3.490773378871381283e-04
4.494047898333519697e-04
2.998592390213161707e-04
3.684508264996111393e-04
3.260247176513075829e-04
2.692565030883997679e-04
3.779157414101064205e-04
2.578613639343529940e-04
3.228639834560453892e-04
3.473194665275514126e-04
3.402543661650270224e-04
3.983685746788978577e-04
3.210278227925300598e-04
3.480646992102265358e-04
3.486443310976028442e-04
4.255276580806821585e-04
3.863721212837845087e-04
3.196846519131213427e-04
2.982014266308397055e-04
3.917362191714346409e-04
3.332962514832615852e-04
4.570172750391066074e-04
3.204065724276006222e-04
3.563800128176808357e-04
2.917052188422530890e-04
3.548120730556547642e-04
3.893428074661642313e-04
3.086026990786194801e-04
4.164934507571160793e-04
3.493142721708863974e-04
3.410797216929495335e-04
3.346078447066247463e-04
3.717030922416597605e-04
3.518478479236364365e-04
3.230253641959279776e-04
3.896159469150006771e-04
3.263872349634766579e-04
4.241687711328268051e-04
3.335094370413571596e-04
3.133280843030661345e-04
2.583485038485378027e-04
2.814211184158921242e-04
3.778255486395210028e-04
2.763771626632660627e-04
3.719109809026122093e-04
3.368900797795504332e-04
3.711857716552913189e-04
3.343589196447283030e-04
3.979785251431167126e-04
3.065855125896632671e-04
3.548540698830038309e-04
3.003601741511374712e-04
3.436244442127645016e-04
3.690703597385436296e-04
3.406051546335220337e-04
3.570094122551381588e-04
3.250014851801097393e-04
3.867052146233618259e-04
4.164587880950421095e-04
3.113121492788195610e-04
4.115261835977435112e-04
2.962100261356681585e-04
3.620543575379997492e-04
3.155508602503687143e-04
4.942300729453563690e-04
3.263387770857661963e-04
3.606029495131224394e-04
4.018027102574706078e-04
3.591305867303162813e-04
4.025748348794877529e-04
3.159955376759171486e-04
3.723558620549738407e-04
3.413366212043911219e-04
3.694421320687979460e-04
3.348137543071061373e-04
3.552164125721901655e-04
3.171514254063367844e-04
5.058543756604194641e-04
3.178052720613777637e-04
3.882687597069889307e-04
3.745948488358408213e-04
3.930501115974038839e-04
3.390561032574623823e-04
3.473463875707238913e-04
3.719697706401348114e-04
3.643139789346605539e-04
2.541600551921874285e-04
3.527495427988469601e-04
3.131825942546129227e-04
3.599148476496338844e-04
3.307662846054881811e-04
3.193498996552079916e-04
3.923398326151072979e-04
3.510638198349624872e-04
4.012731369584798813e-04
3.687331045512109995e-04
3.980087640229612589e-04
3.227888664696365595e-04
3.367555036675184965e-04
3.760040854103863239e-04
2.943589352071285248e-04
3.238461504224687815e-04
3.966275835409760475e-04
4.379838064778596163e-04
3.739343082997947931e-04
2.677011943887919188e-04
3.495648270472884178e-04
3.802625869866460562e-04
3.580300835892558098e-04
3.544720239005982876e-04
3.552564012352377176e-04
3.884909383486956358e-04
3.804837760981172323e-04
3.413246886339038610e-04
3.351842460688203573e-04
3.595185698941349983e-04
2.853118348866701126e-04
2.890881733037531376e-04
3.726640134118497372e-04
2.782334340736269951e-04
3.302990226075053215e-04
3.719196538440883160e-04
3.848171618301421404e-04
3.822125145234167576e-04
3.840480640064924955e-04
2.351524308323860168e-04
3.049813094548881054e-04
3.045088669750839472e-04
3.494871489237993956e-04
3.925931232515722513e-04
3.479811421129852533e-04
3.124653303530067205e-04
2.793651365209370852e-04
3.932927502319216728e-04
3.280995006207376719e-04
3.258496581111103296e-04
3.072168328799307346e-04
3.622488584369421005e-04
3.150618285872042179e-04
3.231860464438796043e-04
3.768559254240244627e-04
3.561951161827892065e-04
2.904988650698214769e-04
3.174028242938220501e-04
3.185435198247432709e-04
4.096234333701431751e-04
5.208895308896899223e-04
3.550656547304242849e-04
3.690053999889642000e-04
2.666251384653151035e-04
2.997277479153126478e-04
3.185655805282294750e-04
3.577076131477952003e-04
3.565726510714739561e-04
3.404910094104707241e-04
3.639319911599159241e-04
2.921067643910646439e-04
1.917417830554768443e-04
2.757504989858716726e-04
3.849399217870086432e-04
3.511109389364719391e-04
3.247817803639918566e-04
3.375714295543730259e-04
3.823475271929055452e-04
3.578706528060138226e-04
3.535676805768162012e-04
4.058358026668429375e-04
2.908502065110951662e-04
3.611327265389263630e-04
3.595068701542913914e-04
3.207465924788266420e-04
3.096034051850438118e-04
3.748362942133098841e-04
3.656958870124071836e-04
3.657099732663482428e-04
3.010622749570757151e-04
3.638301277533173561e-04
3.531431138981133699e-04
4.000599728897213936e-04
3.539756289683282375e-04
3.929632075596600771e-04
3.927740617655217648e-04
3.219754435122013092e-04
3.666772099677473307e-04
3.059337905142456293e-04
3.846629988402128220e-04
3.722977417055517435e-04
3.627603582572191954e-04
3.694092738442122936e-04
3.570863627828657627e-04
3.669965662993490696e-04
3.341051633469760418e-04
4.200816911179572344e-04
3.166800015605986118e-04
3.992555721197277308e-04
3.249942965339869261e-04
3.820895217359066010e-04
3.166135284118354321e-04
3.689319710247218609e-04
4.028007097076624632e-04
3.452293167356401682e-04
3.810571215581148863e-04
3.565199149306863546e-04
3.475442063063383102e-04
3.688691358547657728e-04
2.922665444202721119e-04
4.205614968668669462e-04
3.462803433649241924e-04
3.583668149076402187e-04
3.401236317586153746e-04
3.662864619400352240e-04
3.910011728294193745e-04
2.312829019501805305e-04
4.188320890534669161e-04
4.008361720480024815e-04
4.094060568604618311e-04
3.223460516892373562e-04
3.565756196621805429e-04
4.081529623363167048e-04
3.786676970776170492e-04
3.595904563553631306e-04
3.762351407203823328e-04
2.706217637751251459e-04
3.363127470947802067e-04
3.742457774933427572e-04
3.477582067716866732e-04
2.719147014431655407e-04
3.771069168578833342e-04
3.902786993421614170e-04
3.541587793733924627e-04
3.324253193568438292e-04
2.851621829904615879e-04
3.144522197544574738e-04
3.783748252317309380e-04
3.297437797300517559e-04
3.552062262315303087e-04
3.212125739082694054e-04
3.636159235611557961e-04
4.134589107707142830e-04
3.775379736907780170e-04
3.216393815819174051e-04
3.799856931436806917e-04
3.774601500481367111e-04
3.704808186739683151e-04
3.435141697991639376e-04
3.635357716120779514e-04
3.691639576572924852e-04
3.344878205098211765e-04
3.838213451672345400e-04
3.942062903661280870e-04
2.902952255681157112e-04
3.431051154620945454e-04
4.037489416077733040e-04
2.986891486216336489e-04
3.639160422608256340e-04
3.166468522977083921e-04
3.593355068005621433e-04
3.792372590396553278e-04
4.006024973932653666e-04
3.490438975859433413e-04
3.594818990677595139e-04
3.254095790907740593e-04
2.460496325511485338e-04
3.650592116173356771e-04
3.302061231806874275e-04
3.598408075049519539e-04
3.416606923565268517e-04
4.025859525427222252e-04
4.163331759627908468e-04
3.425350878387689590e-04
3.077290311921387911e-04
3.055768320336937904e-04
2.841017849277704954e-04
3.470305528026074171e-04
3.361259878147393465e-04
3.313207707833498716e-04
3.827207547146826982e-04
3.150083939544856548e-04
3.316010406706482172e-04
4.133371694479137659e-04
3.129196120426058769e-04
3.178043116349726915e-04
3.883591562043875456e-04
3.359366965014487505e-04
3.805323794949799776e-04
3.693317121360450983e-04
3.545688523445278406e-04
2.740986528806388378e-04
3.443856840021908283e-04
3.788046888075768948e-04
4.005278751719743013e-04
3.810264461208134890e-04
3.423332527745515108e-04
3.553576534613966942e-04
3.195243771187961102e-04
3.252731694374233484e-04
3.525854845065623522e-04
3.530492249410599470e-04
3.298993688076734543e-04
3.812286304309964180e-04
3.035640402231365442e-04
3.578768519219011068e-04
3.477058489806950092e-04
3.725056885741651058e-04
3.215496253687888384e-04
3.884218167513608932e-04
2.972043293993920088e-04
3.591929562389850616e-04
2.718009927775710821e-04
3.342600248288363218e-04
3.263071412220597267e-04
3.677503555081784725e-04
3.371783241163939238e-04
3.894163528457283974e-04
2.557100669946521521e-04
2.859794185496866703e-04
4.098034696653485298e-04
3.558287571649998426e-04
4.217257373966276646e-04
4.057117039337754250e-04
3.285837883595377207e-04
3.126086376141756773e-04
3.376100212335586548e-04
1.739013532642275095e-04
3.265598788857460022e-04
3.536320291459560394e-04
3.404187737032771111e-04
3.892029926646500826e-04
3.638396738097071648e-04
3.463672474026679993e-04
4.075537144672125578e-04
3.081333416048437357e-04
3.072684630751609802e-04
2.953943330794572830e-04
3.269949520472437143e-04
3.219090576749294996e-04
3.951352555304765701e-04
3.236101183574646711e-04
3.760303952731192112e-04
3.654888132587075233e-04
2.953849034383893013e-04
3.803119179792702198e-04
3.020237782038748264e-04
3.969226963818073273e-04
3.283469413872808218e-04
3.755748912226408720e-04
3.454539109952747822e-04
3.515802964102476835e-04
3.237154742237180471e-04
3.529867972247302532e-04
4.001072666142135859e-04
3.948629891965538263e-04
3.351193445269018412e-04
2.847873256541788578e-04
3.511880058795213699e-04
3.700005181599408388e-04
3.580734774004667997e-04
4.390819231048226357e-04
4.080285725649446249e-04
3.449263749644160271e-04
3.812046488747000694e-04
3.647533885668963194e-04
3.313170745968818665e-04
4.086025874130427837e-04
3.863162128254771233e-04
3.072822000831365585e-04
3.676071064546704292e-04
4.109311266802251339e-04
2.668102097231894732e-04
3.630775900091975927e-04
4.505415854509919882e-04
2.504446019884198904e-04
3.597232862375676632e-04
3.283878031652420759e-04
4.343880282249301672e-04
3.627695550676435232e-04
2.895860525313764811e-04
3.814653318841010332e-04
3.395908279344439507e-04
3.566385712474584579e-04
3.465319459792226553e-04
3.449158684816211462e-04
3.981316403951495886e-04
4.603918350767344236e-04
3.594965091906487942e-04
3.278630319982767105e-04
3.767668094951659441e-04
2.408416621619835496e-04
3.307935839984565973e-04
4.060125502292066813e-04
3.905853664036840200e-04
3.803437284659594297e-04
3.689856675919145346e-04
3.750141768250614405e-04
3.942998591810464859e-04
2.897733647841960192e-04
3.335635410621762276e-04
3.620167844928801060e-04
3.419922722969204187e-04
3.855458344332873821e-04
3.931045066565275192e-04
3.561289340723305941e-04
5.110358470119535923e-04
3.197829064447432756e-04
3.883000754285603762e-04
3.046496422030031681e-04
3.153958532493561506e-04
3.762167762033641338e-04
4.148110165260732174e-04
3.736400685738772154e-04
3.490733506623655558e-04
3.730338357854634523e-04
3.801487328018993139e-04
3.602550132200121880e-04
3.989227698184549809e-04
3.558754106052219868e-04
4.125764244236052036e-04
2.563576563261449337e-04
3.364738076925277710e-04
3.633388259913772345e-04
3.729534510057419538e-04
3.729608142748475075e-04
3.449812356848269701e-04
3.197641344740986824e-04
3.520686004776507616e-04
3.441071603447198868e-04
3.458544088061898947e-04
4.023587680421769619e-04
3.305718128103762865e-04
3.617122129071503878e-04
3.566980012692511082e-04
3.915564448107033968e-04
2.899647224694490433e-04
3.594700829125940800e-04
3.682746901176869869e-04
3.886948397848755121e-04
3.856152470689266920e-04
3.081237373407930136e-04
3.706966526806354523e-04
3.797938989009708166e-04
3.170773852616548538e-04
3.232741728425025940e-04
3.511588438414037228e-04
3.974608553107827902e-04
1.916814071591943502e-04
3.956296714022755623e-04
2.816634951159358025e-04
3.590716223698109388e-04
3.271213499829173088e-04
3.622892836574465036e-04
3.239617217332124710e-04
4.225023731123656034e-04
3.540340403560549021e-04
4.270562203601002693e-04
3.886050544679164886e-04
3.343942225910723209e-04
3.393910592421889305e-04
3.934087581001222134e-04
3.818922559730708599e-04
3.502873296383768320e-04
3.540262405294924974e-04
3.768136666622012854e-04
2.818523498717695475e-04
3.884125908371061087e-04
3.874904650729149580e-04
3.544065111782401800e-04
4.047493857797235250e-04
4.062028019689023495e-04
3.831929352600127459e-04
3.641855728346854448e-04
3.491702373139560223e-04
3.147643001284450293e-04
3.107853117398917675e-04
4.301006556488573551e-04
3.266312996856868267e-04
4.193822387605905533e-04
3.161681815981864929e-04
3.670369333121925592e-04
3.464290057308971882e-04
3.196328761987388134e-04
3.850117209367454052e-04
2.836667117662727833e-04
3.714956692419946194e-04
4.194843641016632318e-04
4.006399249192327261e-04
3.905437188223004341e-04
3.324534336570650339e-04
3.623972006607800722e-04
3.355625958647578955e-04
3.614960878621786833e-04
2.909178438130766153e-04
4.014028818346560001e-04
3.368992765899747610e-04
3.868298954330384731e-04
4.113298200536519289e-04
3.176754398737102747e-04
3.843668964691460133e-04
3.783173451665788889e-04
3.623679804150015116e-04
3.892252570949494839e-04
3.794810327235609293e-04
3.919758601114153862e-04
3.743106790352612734e-04
3.292747132945805788e-04
3.915013221558183432e-04
3.219789359718561172e-04
3.495888086035847664e-04
3.036193666048347950e-04
3.855529648717492819e-04
3.614964080043137074e-04
3.440231957938522100e-04
3.138284955639392138e-04
3.540461184456944466e-04
2.318160404684022069e-04
2.624198968987911940e-04
3.444400790613144636e-04
3.404400777071714401e-04
3.291871107649058104e-04
3.733263292815536261e-04
3.314905043225735426e-04
3.710730234161019325e-04
3.866827755700796843e-04
3.541371843311935663e-04
3.130674595013260841e-04
3.894463879987597466e-04
3.941830073017627001e-04
3.476923448033630848e-04
4.130408342462033033e-04
3.482915053609758615e-04
3.918358124792575836e-04
3.383698349352926016e-04
3.495837736409157515e-04
2.955121453851461411e-04
4.182510892860591412e-04
3.369168261997401714e-04
4.082777304574847221e-04
3.715010825544595718e-04
4.097412747796624899e-04
3.897547139786183834e-04
3.772106138058006763e-04
3.527987282723188400e-04
3.471850068308413029e-04
2.689721295610070229e-04
3.614271117839962244e-04
3.884264442604035139e-04
2.677387383300811052e-04
3.070803650189191103e-04
3.571146226022392511e-04
3.767535090446472168e-04
3.239172219764441252e-04
3.172444994561374187e-04
4.024365916848182678e-04
3.137077146675437689e-04
3.606207319535315037e-04
3.445874608587473631e-04
3.159607877023518085e-04
3.042758617084473372e-04
3.406814066693186760e-04
3.445095790084451437e-04
3.544857318047434092e-04
3.482870524749159813e-04
4.091077134944498539e-04
3.583845391403883696e-04
2.668981906026601791e-04
2.752925211098045111e-04
3.636016917880624533e-04
3.822091675829142332e-04
3.222492814529687166e-04
3.562937199603766203e-04
3.027278289664536715e-04
3.954106068704277277e-04
4.087086417712271214e-04
3.817541000898927450e-04
3.313530178274959326e-04
3.777191450353711843e-04
3.108418022748082876e-04
3.157341852784156799e-04
3.732067416422069073e-04
4.065298708155751228e-04
3.073614207096397877e-04
3.990921250078827143e-04
3.254218026995658875e-04
3.518928715493530035e-04
3.797454119194298983e-04
3.318842791486531496e-04
3.586114326026290655e-04
3.920007729902863503e-04
3.799413389060646296e-04
3.474708646535873413e-04
3.421997535042464733e-04
3.484250046312808990e-04
3.728378214873373508e-04
3.764545253943651915e-04
3.404949966352432966e-04
3.565129591152071953e-04
3.431108198128640652e-04
2.939607074949890375e-04
4.138507647439837456e-04
3.491971292532980442e-04
1.872976281447336078e-04
3.348751342855393887e-04
3.353743231855332851e-04
2.948846959043294191e-04
3.088036610279232264e-04
3.529297828208655119e-04
4.516549524851143360e-04
3.330121689941734076e-04
2.968759799841791391e-04
3.377842076588422060e-04
3.499223967082798481e-04
3.317326190881431103e-04
2.596612903289496899e-04
4.238926921971142292e-04
4.028532712254673243e-04
3.203995584044605494e-04
3.995384904555976391e-04
2.874623460229486227e-04
3.959562745876610279e-04
3.240115474909543991e-04
3.358373069204390049e-04
3.295643255114555359e-04
3.493665717542171478e-04
3.681933158077299595e-04
3.952225088141858578e-04
3.113814163953065872e-04
3.520424070302397013e-04
3.542079066392034292e-04
3.837317053694278002e-04
3.949312085751444101e-04
3.665658878162503242e-04
3.095094580203294754e-04
3.236592747271060944e-04
3.638214839156717062e-04
3.300609532743692398e-04
3.555711300577968359e-04
3.209094575140625238e-04
4.159062518738210201e-04
3.349148319102823734e-04
3.296898794360458851e-04
3.226014378014951944e-04
3.287110012024641037e-04
3.822839644271880388e-04
4.164148122072219849e-04
3.482780884951353073e-04
2.943478175438940525e-04
3.509332309477031231e-04
3.212783776689320803e-04
3.687565040308982134e-04
3.511395480018109083e-04
4.243661242071539164e-04
3.952977131120860577e-04
4.022167413495481014e-04
3.658932982943952084e-04
3.865885373670607805e-04
3.311386972200125456e-04
3.889885556418448687e-04
3.462418389972299337e-04
3.374872321728616953e-04
3.670041041914373636e-04
3.695631748996675014e-04
3.902066673617810011e-04
2.798846981022506952e-04
3.901073650922626257e-04
3.094627172686159611e-04
3.451611264608800411e-04
3.636585897766053677e-04
3.114903811365365982e-04
3.827737818937748671e-04
3.531099937390536070e-04
3.960889298468828201e-04
3.165673988405615091e-04
3.701508103404194117e-04
3.143862122669816017e-04
3.775504010263830423e-04
3.806475142482668161e-04
3.330397594254463911e-04
3.472268290352076292e-04
2.959482371807098389e-04
3.455073165241628885e-04
4.027003597002476454e-04
3.492521937005221844e-04
3.623345692176371813e-04
3.790301270782947540e-04
2.887769078370183706e-04
3.258231736253947020e-04
3.458158462308347225e-04
3.677516069728881121e-04
3.935436834581196308e-04
3.283100377302616835e-04
3.110739926341921091e-04
2.267500531161203980e-04
3.801191342063248158e-04
4.832355189137160778e-04
3.567111562006175518e-04
3.842983569484204054e-04
3.473500255495309830e-04
3.109582758042961359e-04
3.546124789863824844e-04
3.468919312581419945e-04
2.971678622998297215e-04
3.560293407645076513e-04
4.112782189622521400e-04
3.452279779594391584e-04
2.665709471330046654e-04
3.314039786346256733e-04
3.662223170977085829e-04
3.392606158740818501e-04
2.501031267456710339e-04
4.061819345224648714e-04
4.063412779942154884e-04
3.308376180939376354e-04
3.631802974268794060e-04
3.415992541704326868e-04
3.017699345946311951e-04
3.126515948679298162e-04
3.372843784745782614e-04
4.088685964234173298e-04
3.519798628985881805e-04
3.284856502432376146e-04
4.253755905665457249e-04
3.250938898418098688e-04
3.893050889018923044e-04
3.752623742911964655e-04
3.851271467283368111e-04
2.424120466457679868e-04
3.909751831088215113e-04
3.199429775122553110e-04
3.070572274737060070e-04
3.638452035374939442e-04
3.618026385083794594e-04
3.636758774518966675e-04
3.777284873649477959e-04
3.059169393964111805e-04
3.747908631339669228e-04
3.169071569573134184e-04
3.826415631920099258e-04
3.525387146510183811e-04
4.107562417630106211e-04
3.523775085341185331e-04
3.553034912329167128e-04
3.448546922300010920e-04
3.035256813745945692e-04
3.620936768129467964e-04
3.078475419897586107e-04
3.174212470185011625e-04
3.385086019989103079e-04
3.920710587408393621e-04
3.373522195033729076e-04
3.506485954858362675e-04
2.759663038887083530e-04
3.422706795390695333e-04
3.148487594444304705e-04
2.674836432561278343e-04
3.895698173437267542e-04
3.544848877936601639e-04
2.198225411120802164e-04
3.676855121739208698e-04
2.358833153266459703e-04
3.325986908748745918e-04
3.075649728998541832e-04
3.432770899962633848e-04
2.994601381942629814e-04
3.634499735198915005e-04
3.364961303304880857e-04
3.386328171472996473e-04
3.457011480350047350e-04
3.191970754414796829e-04
3.639765491243451834e-04
3.412597288843244314e-04
3.704756672959774733e-04
4.117283679079264402e-04
3.418372070882469416e-04
3.975505533162504435e-04
3.251015441492199898e-04
3.678949142340570688e-04
3.628825070336461067e-04
3.801475686486810446e-04
3.818629775196313858e-04
3.667543351184576750e-04
3.561138291843235493e-04
2.384843101026490331e-04
3.761684638448059559e-04
3.612808359321206808e-04
3.528717206791043282e-04
4.031959106214344501e-04
3.337157249916344881e-04
4.033508594147861004e-04
1.916921464726328850e-04
3.554918221198022366e-04
2.751445572357624769e-04
4.349438240751624107e-04
2.471786574460566044e-04
3.466996713541448116e-04
3.348044410813599825e-04
3.852820664178580046e-04
2.700650074984878302e-04
4.803539195563644171e-04
3.426225448492914438e-04
2.969127963297069073e-04
3.920567687600851059e-04
3.379819681867957115e-04
3.553677815943956375e-04
4.013110592495650053e-04
3.570923290681093931e-04
3.993239661213010550e-04
3.507477813400328159e-04
3.574665170162916183e-04
3.245499101467430592e-04
3.561788180377334356e-04
3.175571619067341089e-04
3.173099539708346128e-04
2.557694097049534321e-04
2.783870149869471788e-04
4.273648082744330168e-04
3.886097983922809362e-04
3.695067425724118948e-04
3.316959773655980825e-04
4.529058060143142939e-04
3.487621142994612455e-04
3.246796259190887213e-04
3.449047799222171307e-04
3.314814239274710417e-04
3.676702326629310846e-04
3.564894432201981544e-04
2.753178705461323261e-04
3.440636501181870699e-04
3.608767001423984766e-04
3.663842217065393925e-04
3.707197029143571854e-04
3.565047227311879396e-04
4.235164960846304893e-04
4.169534659013152122e-04
3.505147760733962059e-04
2.724126388784497976e-04
3.779175167437642813e-04
3.319077368360012770e-04
3.540168981999158859e-04
3.643531526904553175e-04
3.376562963239848614e-04
3.547645465005189180e-04
3.839020209852606058e-04
4.928198759444057941e-04
4.215089429635554552e-04
4.093055322300642729e-04
3.565779188647866249e-04
3.202537482138723135e-04
4.085373075213283300e-04
3.264959377702325583e-04
3.504687920212745667e-04
3.553743008524179459e-04
3.476002311799675226e-04
3.441251465119421482e-04
3.071538812946528196e-04
3.119163156952708960e-04
2.976306132040917873e-04
3.356633242219686508e-04
3.193123848177492619e-04
4.097126366104930639e-04
3.725138085428625345e-04
3.254186012782156467e-04
3.163503715768456459e-04
3.525719803292304277e-04
3.637728514149785042e-04
3.846787731163203716e-04
3.782071871683001518e-04
3.566537925507873297e-04
3.620976931415498257e-04
3.590242704376578331e-04
3.089360252488404512e-04
3.901316085830330849e-04
3.836769901681691408e-04
3.122338675893843174e-04
3.392204816918820143e-04
3.023004392161965370e-04
2.849524316843599081e-04
3.288902225904166698e-04
3.410098142921924591e-04
3.155974554829299450e-04
2.980950521305203438e-04
3.297129878774285316e-04
3.869592037517577410e-04
3.499026061035692692e-04
3.369960468262434006e-04
3.380588314030319452e-04
4.100923542864620686e-04
4.000146000180393457e-04
3.268692526035010815e-04
3.842814476229250431e-04
3.102148184552788734e-04
3.467807255219668150e-04
3.683535614982247353e-04
3.207296249456703663e-04
3.394285449758172035e-04
3.837874974124133587e-04
3.378735273145139217e-04
3.688967553898692131e-04
2.886857546400278807e-04
3.340961120557039976e-04
3.416628751438111067e-04
3.363731375429779291e-04
3.469023504294455051e-04
3.272347967140376568e-04
3.731867182068526745e-04
3.924278425984084606e-04
3.353780193720012903e-04
4.113313043490052223e-04
3.068450314458459616e-04
3.935961285606026649e-04
3.300828684587031603e-04
3.297754446975886822e-04
3.568069951143115759e-04
3.456064441706985235e-04
3.714810009114444256e-04
3.892880631610751152e-04
3.401316935196518898e-04
3.360590781085193157e-04
4.170582105871289968e-04
3.876245464198291302e-04
3.960671310778707266e-04
3.072427061852067709e-04
3.866305050905793905e-04
3.438640269450843334e-04
3.786547167692333460e-04
3.426921321079134941e-04
3.653235617093741894e-04
3.885470505338162184e-04
3.510046808514744043e-04
3.650123544503003359e-04
4.184978606645017862e-04
3.518750891089439392e-04
3.401839639991521835e-04
3.526531218085438013e-04
3.665078547783195972e-04
3.183124645147472620e-04
4.245280870236456394e-04
4.295666585676372051e-04
3.903521283064037561e-04
4.062381631229072809e-04
3.535542637109756470e-04
3.751663316506892443e-04
3.172824217472225428e-04
3.560605400707572699e-04
4.905711393803358078e-04
3.964338393416255713e-04
3.634066379163414240e-04
3.163208893965929747e-04
3.022650780621916056e-04
4.108254215680062771e-04
3.595204616431146860e-04
3.874691610690206289e-04
2.691808331292122602e-04
2.622650936245918274e-04
3.496493154671043158e-04
3.711541066877543926e-04
3.694690531119704247e-04
3.552780544850975275e-04
3.263606922701001167e-04
3.573015565052628517e-04
3.243673418182879686e-04
3.215976466890424490e-04
3.104420029558241367e-04
3.928403893951326609e-04
2.921645937021821737e-04
3.714303893502801657e-04
3.820408019237220287e-04
4.293273377697914839e-04
2.871229953598231077e-04
3.356252564117312431e-04
3.608152328524738550e-04
3.554030845407396555e-04
2.956843527499586344e-04
3.683448885567486286e-04
3.960337198805063963e-04
3.644891257863491774e-04
3.019850701093673706e-04
3.232494345866143703e-04
2.761448558885604143e-04
3.017722337972372770e-04
3.753693599719554186e-04
3.444499161560088396e-04
4.120072117075324059e-04
1.932173763634636998e-04
3.858398995362222195e-04
3.836404357571154833e-04
3.253559989389032125e-04
3.299539093859493732e-04
3.793857758864760399e-04
2.557895495556294918e-04
3.932266263291239738e-04
3.147145616821944714e-04
4.060620267409831285e-04
3.631011641118675470e-04
3.809767076745629311e-04
3.776659723371267319e-04
3.742630360648036003e-04
3.275573544669896364e-04
2.774467284325510263e-04
4.081938823219388723e-04
2.868380397558212280e-04
4.261567664798349142e-04
3.143667709082365036e-04
3.408926422707736492e-04
3.949834499508142471e-04
3.946936631109565496e-04
3.524231142364442348e-04
3.480870509520173073e-04
3.413158119656145573e-04
3.982160706073045731e-04
2.945526211988180876e-04
4.190400941297411919e-04
4.261493158992379904e-04
3.384142473805695772e-04
3.435741236899048090e-04
3.066044009756296873e-04
3.376293461769819260e-04
3.292603360023349524e-04
3.902030875906348228e-04
3.664850082714110613e-04
4.105003317818045616e-04
3.274889895692467690e-04
3.770846233237534761e-04
3.182505315635353327e-04
3.266999847255647182e-04
3.224619431421160698e-04
3.532924456521868706e-04
4.530073783826082945e-04
3.531733527779579163e-04
3.559259639587253332e-04
3.392754588276147842e-04
3.284927806816995144e-04
3.947260265704244375e-04
3.321268013678491116e-04
3.646783588919788599e-04
3.108271048404276371e-04
3.819566336460411549e-04
3.285919083282351494e-04
2.980395802296698093e-04
4.049143171869218349e-04
3.541665209922939539e-04
3.793674986809492111e-04
4.252302460372447968e-04
3.538138407748192549e-04
2.977873373311012983e-04
3.699121589306741953e-04
3.428500203881412745e-04
2.583389577921479940e-04
3.260827797930687666e-04
3.804864245466887951e-04
3.445571346674114466e-04
3.482639731373637915e-04
3.182801301591098309e-04
3.787018940784037113e-04
3.747159207705408335e-04
3.748980525415390730e-04
3.455465775914490223e-04
3.145318478345870972e-04
3.622311342041939497e-04
3.957918088417500257e-04
3.475450503174215555e-04
4.034942539874464273e-04
3.064391494262963533e-04
4.191065672785043716e-04
3.328702878206968307e-04
3.513769770506769419e-04
3.749867319129407406e-04
3.806132881436496973e-04
3.852937370538711548e-04
3.494786215014755726e-04
3.776270605158060789e-04
4.004631773568689823e-04
3.812501963693648577e-04
3.595953749027103186e-04
3.354688815306872129e-04
4.019666521344333887e-04
3.395977546460926533e-04
3.668332938104867935e-04
3.601577191147953272e-04
2.427924046060070395e-04
3.558691241778433323e-04
3.079782763961702585e-04
3.424080205149948597e-04
4.085327673237770796e-04
3.389971680007874966e-04
4.006593953818082809e-04
3.688508004415780306e-04
2.599420549813657999e-04
4.102157545275986195e-04
3.943150222767144442e-04
3.840163990389555693e-04
3.871671506203711033e-04
3.096048021689057350e-04
3.415606915950775146e-04
3.469035727903246880e-04
4.066882538609206676e-04
3.390827914699912071e-04
3.790225600823760033e-04
3.977352753281593323e-04
3.347379679325968027e-04
3.759553655982017517e-04
3.917674475815147161e-04
3.272497851867228746e-04
3.861200239043682814e-04
3.163974615745246410e-04
3.821883292403072119e-04
3.733769117388874292e-04
3.811185597442090511e-04
3.391036298125982285e-04
3.812908544205129147e-04
2.090452617267146707e-04
3.388777549844235182e-04
3.421822329983115196e-04
3.313942870590835810e-04
3.627394617069512606e-04
3.473198157735168934e-04
4.418532771524041891e-04
3.198171325493603945e-04
3.203963860869407654e-04
3.460108709987252951e-04
3.213176387362182140e-04
3.011966764461249113e-04
3.663671668618917465e-04
3.406200848985463381e-04
3.140783810522407293e-04
3.381186106707900763e-04
3.718130756169557571e-04
3.478185972198843956e-04
3.800445701926946640e-04
3.359052352607250214e-04
3.198230406269431114e-04
3.199307539034634829e-04
3.936794819310307503e-04
4.025779198855161667e-04
3.930844832211732864e-04
3.796598466578871012e-04
3.772837808355689049e-04
3.697410575114190578e-04
4.080249636899679899e-04
3.664122195914387703e-04
3.869045758619904518e-04
4.654620133806020021e-04
2.959863340947777033e-04
3.873305686283856630e-04
3.190267016179859638e-04
3.718342049978673458e-04
3.622935328166931868e-04
3.457023121882230043e-04
3.422437002882361412e-04
3.631136205513030291e-04
3.398531116545200348e-04
3.728792944457381964e-04
3.586067759897559881e-04
3.678302455227822065e-04
3.584011283237487078e-04
3.581566270440816879e-04
3.599696210585534573e-04
3.422188456170260906e-04
3.403628361411392689e-04
3.349006001371890306e-04
3.429636999499052763e-04
2.930636110249906778e-04
3.795857192017138004e-04
3.273000766057521105e-04
3.834877279587090015e-04
3.607395337894558907e-04
2.614560653455555439e-04
4.055199387948960066e-04
4.005693772342056036e-04
2.884590940084308386e-04
4.090593138244003057e-04
3.105458454228937626e-04
3.221453516744077206e-04
3.749160096049308777e-04
3.565399674698710442e-04
3.806805470958352089e-04
3.134883590973913670e-04
2.996383409481495619e-04
3.885714977513998747e-04
2.916634839493781328e-04
3.412089718040078878e-04
3.284813137724995613e-04
3.826786123681813478e-04
3.667429264169186354e-04
3.449150244705379009e-04
3.815233067143708467e-04
3.790175542235374451e-04
3.044555778615176678e-04
3.741595719475299120e-04
3.852983354590833187e-04
3.446256450843065977e-04
2.758916525635868311e-04
3.461744345258921385e-04
2.932544157374650240e-04
3.909445949830114841e-04
4.334670666139572859e-04
3.473542747087776661e-04
3.519579186104238033e-04
2.746237150859087706e-04
3.800499252974987030e-04
3.625962999649345875e-04
4.108406719751656055e-04
3.339312679599970579e-04
3.807815373875200748e-04
3.636350738815963268e-04
3.182488144375383854e-04
3.568192478269338608e-04
2.136636176146566868e-04
3.725909336935728788e-04
3.718217194546014071e-04
3.437116974964737892e-04
3.138206084258854389e-04
3.857868432532995939e-04
4.215763183310627937e-04
3.424618917051702738e-04
4.766506608575582504e-04
3.659213834907859564e-04
2.854511840268969536e-04
2.921134291682392359e-04
3.441141452640295029e-04
3.408941556699573994e-04
3.794437798205763102e-04
3.681068774312734604e-04
3.961616312153637409e-04
3.698238579090684652e-04
3.147537645418196917e-04
3.848884080071002245e-04
3.367893223185092211e-04
3.407663898542523384e-04
4.179829265922307968e-04
3.318639646749943495e-04
3.778927784878760576e-04
3.230838919989764690e-04
3.504834021441638470e-04
3.792409843299537897e-04
3.526339132804423571e-04
3.752178163267672062e-04
4.069058340974152088e-04
3.080025198869407177e-04
3.864087921101599932e-04
2.149429928977042437e-04
3.510761307552456856e-04
3.856713301502168179e-04
3.963632043451070786e-04
3.403740993235260248e-04
3.808426845353096724e-04
4.142665711697191000e-04
3.325688594486564398e-04
2.755655150394886732e-04
3.364576259627938271e-04
3.723664558492600918e-04
3.307442821096628904e-04
2.858831721823662519e-04
3.281314275227487087e-04
3.562644997145980597e-04
3.965802607126533985e-04
4.105007392354309559e-04
3.058971778955310583e-04
3.388534532859921455e-04
3.550380934029817581e-04
3.770936455111950636e-04
3.851318615488708019e-04
3.981435147579759359e-04
3.876289702020585537e-04
3.579397744033485651e-04
3.008661442436277866e-04
3.438423736952245235e-04
3.844025195576250553e-04
4.003910580649971962e-04
3.793991927523165941e-04
3.403319569770246744e-04
2.329699491383507848e-04
3.432454832363873720e-04
3.598387993406504393e-04
2.846883726306259632e-04
4.091163864359259605e-04
3.455368278082460165e-04
2.195243869209662080e-04
3.361956332810223103e-04
3.563508216757327318e-04
3.823066072072833776e-04
3.319309907965362072e-04
3.286585560999810696e-04
3.603334189392626286e-04
3.352559870108962059e-04
3.371621714904904366e-04
3.370613267179578543e-04
3.603508521337062120e-04
3.615863388404250145e-04
3.249048604629933834e-04
3.323669079691171646e-04
3.703082620631903410e-04
3.540189936757087708e-04
5.577469710260629654e-04
4.062593507114797831e-04
4.086985427420586348e-04
3.342712589073926210e-04
3.810128837358206511e-04
3.633739543147385120e-04
4.108906141482293606e-04
3.291196189820766449e-04
2.272667043143883348e-04
3.176184545736759901e-04
4.047850088682025671e-04
4.036925674881786108e-04
3.457203274592757225e-04
3.861293371301144361e-04
3.488185175228863955e-04
3.194785676896572113e-04
3.892660024575889111e-04
2.739025221671909094e-04
3.339120303280651569e-04
3.431662335060536861e-04
3.271033347118645906e-04
3.244046238251030445e-04
3.269071166869252920e-04
3.802312130574136972e-04
3.278665535617619753e-04
3.968524688389152288e-04
3.613967855926603079e-04
4.028996627312153578e-04
3.705958661157637835e-04
3.818282275460660458e-04
3.236283664591610432e-04
3.793865325860679150e-04
3.494190168567001820e-04
3.699723165482282639e-04
3.683143586385995150e-04
3.283975529484450817e-04
3.347591264173388481e-04
3.184527740813791752e-04
2.757504989858716726e-04
1.804546918720006943e-04
3.559656906872987747e-04
3.789580950979143381e-04
2.814006875269114971e-04
3.980506444349884987e-04
2.965437888633459806e-04
3.399033157620579004e-04
3.111000696662813425e-04
3.856099501717835665e-04
3.420900902710855007e-04
3.639413043856620789e-04
3.931284300051629543e-04
4.069177957717329264e-04
3.057863796129822731e-04
3.575790615286678076e-04
3.358019748702645302e-04
3.864006721414625645e-04
3.857186820823699236e-04
2.731320273596793413e-04
3.557636518962681293e-04
3.697321226354688406e-04
3.183530061505734921e-04
3.413924423512071371e-04
3.588430699892342091e-04
3.960523754358291626e-04
3.417282132431864738e-04
3.501665778458118439e-04
3.777910606004297733e-04
3.655004547908902168e-04
3.516415599733591080e-04
3.194865130353718996e-04
3.487502399366348982e-04
4.192389023955911398e-04
4.051105352118611336e-04
3.583220823202282190e-04
3.369411861058324575e-04
3.734812198672443628e-04
4.269796772859990597e-04
3.458791179582476616e-04
3.974995343014597893e-04
3.046692872885614634e-04
3.156202728860080242e-04
5.570953362621366978e-04
4.301479493733495474e-04
3.526429063640534878e-04
3.443911846261471510e-04
3.874186077155172825e-04
3.588662657421082258e-04
4.362134786788374186e-04
3.621271753218024969e-04
4.138015792705118656e-04
4.304896574467420578e-04
2.879860694520175457e-04
3.516913275234401226e-04
2.284944202983751893e-04
3.621130308602005243e-04
3.275531926192343235e-04
3.575659357011318207e-04
3.558499156497418880e-04
3.832463116850703955e-04
3.662576200440526009e-04
3.385031304787844419e-04
3.716609207913279533e-04
2.991760848090052605e-04
3.662978415377438068e-04
3.473611432127654552e-04
3.494507400318980217e-04
3.805499873124063015e-04
4.207087331451475620e-04
3.327411541249603033e-04
3.898426657542586327e-04
3.613054577726870775e-04
3.898822178598493338e-04
3.301182296127080917e-04
3.407672920729964972e-04
2.892332558985799551e-04
3.569141263142228127e-04
3.681159287225455046e-04
3.824792511295527220e-04
3.282660036347806454e-04
3.389164339751005173e-04
3.731401811819523573e-04
3.324866993352770805e-04
3.686719574034214020e-04
3.726114518940448761e-04
3.538110759109258652e-04
3.531073452904820442e-04
3.281985991634428501e-04
3.828391490969806910e-04
3.908079233951866627e-04
3.606292593758553267e-04
3.573819412849843502e-04
3.758041711989790201e-04
3.731030737981200218e-04
3.464267938397824764e-04
3.577241150196641684e-04
3.603263467084616423e-04
3.916212299373000860e-04
3.986403171438723803e-04
3.884822945110499859e-04
3.591716813389211893e-04
2.963880542665719986e-04
3.923707408830523491e-04
3.595899906940758228e-04
3.515934804454445839e-04
3.253685135859996080e-04
2.940252597909420729e-04
4.011587589047849178e-04
3.787059977184981108e-04
3.519824822433292866e-04
3.033820248674601316e-04
3.918832808267325163e-04
3.655057807918637991e-04
3.518343437463045120e-04
3.231011214666068554e-04
3.208364360034465790e-04
3.402371949050575495e-04
3.236902703065425158e-04
3.457041457295417786e-04
3.543985949363559484e-04
3.398571570869535208e-04
3.712645848281681538e-04
3.077994333580136299e-04
4.004472575616091490e-04
3.655680920928716660e-04
3.855200484395027161e-04
3.781559644266963005e-04
4.006643430329859257e-04
3.587329119909554720e-04
3.421959117986261845e-04
3.120182955171912909e-04
3.376410750206559896e-04
3.561628982424736023e-04
3.313970810268074274e-04
3.410349891055375338e-04
3.342523414175957441e-04
4.164472629781812429e-04
3.439933934714645147e-04
3.680132795125246048e-04
3.412288497202098370e-04
3.777127421926707029e-04
2.315008314326405525e-04
3.242519160266965628e-04
3.674917097669094801e-04
3.167020622640848160e-04
3.163139044772833586e-04
2.264996146550402045e-04
3.586123348213732243e-04
2.715984301175922155e-04
3.542153572198003531e-04
4.086627450305968523e-04
3.376501845195889473e-04
3.329773899167776108e-04
3.874855174217373133e-04
3.226397675462067127e-04
4.105095867998898029e-04
3.560616169124841690e-04
2.089326590066775680e-04
3.440307336859405041e-04
3.731221950147300959e-04
3.805758897215127945e-04
3.744323039427399635e-04
2.406678686384111643e-04
3.806223103310912848e-04
3.126463561784476042e-04
3.645303950179368258e-04
2.985036990139633417e-04
3.385448653716593981e-04
4.005276714451611042e-04
3.683246904984116554e-04
3.887656203005462885e-04
3.651886654552072287e-04
3.758505336008965969e-04
3.713702026288956404e-04
3.963876515626907349e-04
3.258742508478462696e-04
3.903867327608168125e-04
4.597983788698911667e-04
4.027938994113355875e-04
3.397657128516584635e-04
3.617444308474659920e-04
3.595493908505886793e-04
3.739756357390433550e-04
3.448936622589826584e-04
4.084384709130972624e-04
3.788172034546732903e-04
3.244704566895961761e-04
4.224557778798043728e-04
3.770482435356825590e-04
3.643368545453995466e-04
3.339813556522130966e-04
3.334590583108365536e-04
3.866203187499195337e-04
3.722380206454545259e-04
3.379622357897460461e-04
3.909231454599648714e-04
3.825863823294639587e-04
3.962167829740792513e-04
4.189018800389021635e-04
3.480438608676195145e-04
3.210546274203807116e-04
3.657076740637421608e-04
4.180525138508528471e-04
4.145721904933452606e-04
3.064947668462991714e-04
3.572845598682761192e-04
2.963299921248108149e-04
3.966123913414776325e-04
3.853884118143469095e-04
4.269538912922143936e-04
3.816540993284434080e-04
3.800730337388813496e-04
2.880559186451137066e-04
3.400254063308238983e-04
3.514611162245273590e-04
3.654092433862388134e-04
5.511636263690888882e-04
3.410806530155241489e-04
3.729320305865257978e-04
3.405804454814642668e-04
3.646391851361840963e-04
2.959058620035648346e-04
3.223451494704931974e-04
3.454942780081182718e-04
3.747416485566645861e-04
3.480085870251059532e-04
3.492498944979161024e-04
4.631241608876734972e-04
4.176853981334716082e-04
3.850732755381613970e-04
3.341287374496459961e-04
3.358563408255577087e-04
3.782744461204856634e-04
3.041501331608742476e-04
3.663348907139152288e-04
3.123850328847765923e-04
4.218754766043275595e-04
3.825846360996365547e-04
3.570328990463167429e-04
4.036074678879231215e-04
3.453467215877026320e-04
3.628663544077426195e-04
3.515527932904660702e-04
3.668795980047434568e-04
3.215369069948792458e-04
3.897883580066263676e-04
3.374893858563154936e-04
2.443603007122874260e-04
3.162299981340765953e-04
3.482355969026684761e-04
3.297685470897704363e-04
3.313710622023791075e-04
3.969643439631909132e-04
3.488468646537512541e-04
4.218636313453316689e-04
3.820446436293423176e-04
3.528175293467938900e-04
3.741661203093826771e-04
3.507039800751954317e-04
3.687439602799713612e-04
3.307085135020315647e-04
3.746090515051037073e-04
3.583676007110625505e-04
3.559821052476763725e-04
3.365795710124075413e-04
3.551030240487307310e-04
2.703110803849995136e-04
3.835416282527148724e-04
3.577458846848458052e-04
3.974943538196384907e-04
3.482470638118684292e-04
3.125965304207056761e-04
2.993992238771170378e-04
3.010228392668068409e-04
2.183645119657739997e-04
3.214370226487517357e-04
3.216931945644319057e-04
3.832874353975057602e-04
4.094344039913266897e-04
3.179715713486075401e-04
3.636083856690675020e-04
3.631535801105201244e-04
3.412259684409946203e-04
3.831308276858180761e-04
2.259269967908039689e-04
3.618977207224816084e-04
3.941305039916187525e-04
3.268955042585730553e-04
4.309730138629674911e-04
3.919134032912552357e-04
3.580412594601511955e-04
3.301964607089757919e-04
3.479178994894027710e-04
3.478050639387220144e-04
2.348702109884470701e-04
3.452892124187201262e-04
3.788263129536062479e-04
3.829384222626686096e-04
3.614412562455981970e-04
3.012397501152008772e-04
3.358443209435790777e-04
3.074475971516221762e-04
3.440493892412632704e-04
3.900094889104366302e-04
3.386771422810852528e-04
3.339111572131514549e-04
3.709877782966941595e-04
2.779244969133287668e-04
2.820429217536002398e-04
4.063047817908227444e-04
3.164165245834738016e-04
3.309757448732852936e-04
3.487080393824726343e-04
4.077494959346950054e-04
3.550089313648641109e-04
3.387989418115466833e-04
3.334279463160783052e-04
3.369476180523633957e-04
2.525734598748385906e-04
3.826298634521663189e-04
2.878046070691198111e-04
3.904846671503037214e-04
4.117612261325120926e-04
3.610499261412769556e-04
3.164642839692533016e-04
3.696095373015850782e-04
3.750732867047190666e-04
3.022123419214040041e-04
3.604933153837919235e-04
2.274048747494816780e-04
3.788199683185666800e-04
3.734234778676182032e-04
1.981780515052378178e-04
3.346919256728142500e-04
1.783037150744348764e-04
3.659598878584802151e-04
3.193547017872333527e-04
3.651476872619241476e-04
3.124195500276982784e-04
4.124328843317925930e-04
3.719146770890802145e-04
3.112178237643092871e-04
3.338009701110422611e-04
3.210546856280416250e-04
1.987946598092094064e-04
3.726078721228986979e-04
4.123860562685877085e-04
3.686191630549728870e-04
3.840766439680010080e-04
3.782751737162470818e-04
3.762957639992237091e-04
3.273730399087071419e-04
3.614872985053807497e-04
4.069979186169803143e-04
2.849649463314563036e-04
2.928687608800828457e-04
3.566809755284339190e-04
3.019449941348284483e-04
3.404818126000463963e-04
3.563757054507732391e-04
3.903371689375489950e-04
3.456319973338395357e-04
3.595173184294253588e-04
3.726500435732305050e-04
3.566291416063904762e-04
2.921259438153356314e-04
3.952258848585188389e-04
3.626714751590043306e-04
3.645242832135409117e-04
3.089262172579765320e-04
3.580283082555979490e-04
3.366637392900884151e-04
2.558299747761338949e-04
3.351263876538723707e-04
3.466547059360891581e-04
3.609426203183829784e-04
3.983132774010300636e-04
3.617187030613422394e-04
3.203694359399378300e-04
3.546888183336704969e-04
3.877457347698509693e-04
3.855894028674811125e-04
4.136617062613368034e-04
3.660378861241042614e-04
3.471468808129429817e-04
4.148190200794488192e-04
3.709298034664243460e-04
3.041371819563210011e-04
3.561808262020349503e-04
3.602388605941087008e-04
4.758724535349756479e-04
4.014642909169197083e-04
3.383855801075696945e-04
3.098647284787148237e-04
2.863102126866579056e-04
3.932676627300679684e-04
3.629366401582956314e-04
3.772324125748127699e-04
2.869346935767680407e-04
1.589343737578019500e-04
3.266342391725629568e-04
3.494384582154452801e-04
3.964440838899463415e-04
3.129907127004116774e-04
3.461380547378212214e-04
2.968918997794389725e-04
3.560765471775084734e-04
3.567493404261767864e-04
3.286176070105284452e-04
3.640851355157792568e-04
2.997637493535876274e-04
3.622427466325461864e-04
2.112667862093076110e-04
4.111959424335509539e-04
3.208605048712342978e-04
3.023385070264339447e-04
3.818372206296771765e-04
3.597406612243503332e-04
3.256418567616492510e-04
3.208912385161966085e-04
3.882398304995149374e-04
1.991878089029341936e-04
2.836005587596446276e-04
2.850449818652123213e-04
3.621792420744895935e-04
3.692003956530243158e-04
3.467966744210571051e-04
4.362217441666871309e-04
3.407488402444869280e-04
4.170807078480720520e-04
3.015912370756268501e-04
3.408586489968001842e-04
3.417338302824646235e-04
3.413809463381767273e-04
3.930844541173428297e-04
3.700642555486410856e-04
3.287536965217441320e-04
4.023236397188156843e-04
3.504287451505661011e-04
4.184741119388490915e-04
3.434823011048138142e-04
3.386878815945237875e-04
3.237985947635024786e-04
3.349484468344599009e-04
4.185512079857289791e-04
3.432253433857113123e-04
3.164630616083741188e-04
3.509710077196359634e-04
3.689814766403287649e-04
4.036507743876427412e-04
3.790663031395524740e-04
3.594717709347605705e-04
3.305442223791033030e-04
3.574128786567598581e-04
3.472562530077993870e-04
3.363642899785190821e-04
3.744055866263806820e-04
3.736709768418222666e-04
3.135415608994662762e-04
3.562817873898893595e-04
3.546499938238412142e-04
2.715984301175922155e-04
3.641209623310714960e-04
3.488895599730312824e-04
3.517770383041352034e-04
3.491373208817094564e-04
3.507237124722450972e-04
3.670814912766218185e-04
3.206770052202045918e-04
4.129218577872961760e-04
3.436665574554353952e-04
3.624605888035148382e-04
3.477364662103354931e-04
3.683286486193537712e-04
4.234291845932602882e-04
2.617135760374367237e-04
3.768956521525979042e-04
3.550946421455591917e-04
4.121957463212311268e-04
2.768824633676558733e-04
3.862902231048792601e-04
3.164124209433794022e-04
4.326960770413279533e-04
3.759954415727406740e-04
3.948752419091761112e-04
3.564337675925344229e-04
3.773973730858415365e-04
3.490376111585646868e-04
5.275153089314699173e-04
3.660774964373558760e-04
3.015339316334575415e-04
3.024575707968324423e-04
3.345363074913620949e-04
3.344864817336201668e-04
3.624387900345027447e-04
3.707294818013906479e-04
3.691866877488791943e-04
3.167978720739483833e-04
3.716451174113899469e-04
3.582222561817616224e-04
3.900723531842231750e-04
3.214651951566338539e-04
3.636717156041413546e-04
3.650990256574004889e-04
3.589624247979372740e-04
3.075786517001688480e-04
4.152742039877921343e-04
4.020215128548443317e-04
3.010818909388035536e-04
3.084275522269308567e-04
4.138985532335937023e-04
3.040184965357184410e-04
3.456034173723310232e-04
3.479651350062340498e-04
3.302422701381146908e-04
3.408123739063739777e-04
3.811663482338190079e-04
3.579377371352165937e-04
4.013590514659881592e-04
3.667719429358839989e-04
3.843875310849398375e-04
2.944190928246825933e-04
3.308168670628219843e-04
3.673041937872767448e-04
3.547249652910977602e-04
3.894833498634397984e-04
3.432135854382067919e-04
3.647377889137715101e-04
3.902209282387048006e-04
4.003580834250897169e-04
3.286137362010776997e-04
3.872599627356976271e-04
3.758292878046631813e-04
4.115053161513060331e-04
