3.388872137293219566e-04
3.901119052898138762e-04
3.521857724990695715e-04
3.662574745249003172e-04
3.694464976433664560e-04
3.641618241090327501e-04
3.688426804728806019e-04
3.442578308749943972e-04
3.447919152677059174e-04
3.495929122436791658e-04
3.694471379276365042e-04
3.700561064761132002e-04
3.519814345054328442e-04
3.450666263233870268e-04
3.457794082351028919e-04
3.366263408679515123e-04
3.449642681516706944e-04
3.476868150755763054e-04
3.318648377899080515e-04
3.554764261934906244e-04
4.021859786007553339e-04
3.465540357865393162e-04
3.389540652278810740e-04
3.392923099454492331e-04
3.328489838168025017e-04
3.504833148326724768e-04
3.509085508994758129e-04
3.389607882127165794e-04
3.386980970390141010e-04
3.540988254826515913e-04
3.500767925288528204e-04
3.453061508480459452e-04
3.438614076003432274e-04
3.584549704100936651e-04
3.665209515020251274e-04
3.676255291793495417e-04
3.682029491756111383e-04
3.441292501520365477e-04
3.554945578798651695e-04
3.483051841612905264e-04
3.533823764882981777e-04
3.450235235504806042e-04
3.475842240732163191e-04
3.687877906486392021e-04
3.371169150341302156e-04
3.681341186165809631e-04
3.679457586258649826e-04
3.479799779597669840e-04
3.430169017519801855e-04
3.446688060648739338e-04
3.477410937193781137e-04
3.479454317130148411e-04
3.485987544991075993e-04
3.490967210382223129e-04
3.679519577417522669e-04
3.524413041304796934e-04
3.510995302349328995e-04
3.548215026967227459e-04
3.614352026488631964e-04
3.546573570929467678e-04
3.700555243995040655e-04
3.576966992113739252e-04
3.541067417245358229e-04
3.867452323902398348e-04
3.492492251098155975e-04
3.439778229221701622e-04
3.636287001427263021e-04
3.462797030806541443e-04
3.686610725708305836e-04
3.302273689769208431e-04
3.451607772149145603e-04
3.484196204226464033e-04
3.485918568912893534e-04
3.693449543789029121e-04
3.663999959826469421e-04
3.388594486750662327e-04
3.673817845992743969e-04
3.568968386389315128e-04
3.474077675491571426e-04
3.232093586120754480e-04
3.594183363020420074e-04
3.342000418342649937e-04
3.420722787268459797e-04
3.423130256123840809e-04
3.691423335112631321e-04
3.509366069920361042e-04
3.489907248876988888e-04
3.447965718805789948e-04
3.477943246252834797e-04
3.456971026025712490e-04
3.548294480424374342e-04
3.455891564954072237e-04
3.390249621588736773e-04
3.469765943009406328e-04
3.344668948557227850e-04
3.667319251690059900e-04
3.539794706739485264e-04
3.483467735350131989e-04
3.492051910143345594e-04
3.391307254787534475e-04
3.483025939203798771e-04
3.348948084749281406e-04
3.507290093693882227e-04
3.505201893858611584e-04
3.644991084001958370e-04
3.386103780940175056e-04
3.705960989464074373e-04
3.494563570711761713e-04
3.465839254204183817e-04
3.453789395280182362e-04
3.399013075977563858e-04
3.522247134242206812e-04
3.469504008535295725e-04
3.756841178983449936e-04
3.481500025372952223e-04
3.492291143629699945e-04
3.493424446787685156e-04
3.540967300068587065e-04
3.656045591924339533e-04
3.534483548719435930e-04
3.526060318108648062e-04
3.551809350028634071e-04
3.497766738291829824e-04
3.447237249929457903e-04
3.267115098424255848e-04
3.496929712127894163e-04
3.669912694022059441e-04
3.654919273685663939e-04
3.557287855073809624e-04
3.637150803115218878e-04
3.668295976240187883e-04
3.535475407261401415e-04
3.457178245298564434e-04
3.375773085281252861e-04
3.480164450593292713e-04
3.384612500667572021e-04
3.548274398781359196e-04
3.445935726631432772e-04
3.449220675975084305e-04
3.693540638778358698e-04
3.529133973643183708e-04
3.713072219397872686e-04
3.438968851696699858e-04
3.548826207406818867e-04
3.382472787052392960e-04
3.385379095561802387e-04
3.514748241286724806e-04
3.458869759924709797e-04
3.450486110523343086e-04
3.499275189824402332e-04
3.461772867012768984e-04
3.375257365405559540e-04
3.442901070229709148e-04
4.271505167707800865e-04
3.693753678817301989e-04
3.554665017873048782e-04
3.391564823687076569e-04
3.534539428073912859e-04
3.692567406687885523e-04
3.692229511216282845e-04
3.578329051379114389e-04
3.474900731816887856e-04
3.660364018287509680e-04
3.495183191262185574e-04
3.457117709331214428e-04
3.540739999152719975e-04
3.523160412441939116e-04
3.679491055663675070e-04
3.467720816843211651e-04
3.456824342720210552e-04
3.372827195562422276e-04
3.569361870177090168e-04
3.417569969315081835e-04
3.541556361597031355e-04
3.463257162366062403e-04
3.357295063324272633e-04
3.387806063983589411e-04
3.507380897644907236e-04
3.398146363906562328e-04
3.587972605600953102e-04
3.459973959252238274e-04
3.651476290542632341e-04
3.510151000227779150e-04
3.467146889306604862e-04
3.679133369587361813e-04
3.548378590494394302e-04
3.582476347219198942e-04
3.530059475451707840e-04
3.706406860146671534e-04
3.457636921666562557e-04
3.777611709665507078e-04
3.520419995766133070e-04
3.427595656830817461e-04
3.460341249592602253e-04
3.580448101274669170e-04
4.079110221937298775e-04
3.548491804394870996e-04
3.679225919768214226e-04
3.547327651176601648e-04
3.462419554125517607e-04
3.631075669545680285e-04
3.475347766652703285e-04
3.503898915369063616e-04
3.665406256914138794e-04
3.709188313223421574e-04
3.710524179041385651e-04
3.672745369840413332e-04
3.390766214579343796e-04
3.630646388046443462e-04
3.633509913925081491e-04
3.869525971822440624e-04
3.455518162809312344e-04
3.656058397609740496e-04
3.482789616100490093e-04
3.489460505079478025e-04
3.476692945696413517e-04
3.417588886804878712e-04
3.487319627311080694e-04
3.537769953254610300e-04
3.659990034066140652e-04
3.639548958744853735e-04
3.509410598780959845e-04
3.394235100131481886e-04
3.492568794172257185e-04
3.452896489761769772e-04
3.494420088827610016e-04
3.448407514952123165e-04
3.601739299483597279e-04
3.441761655267328024e-04
3.460317093413323164e-04
3.665576514322310686e-04
3.490963426884263754e-04
3.392142534721642733e-04
3.437438572291284800e-04
3.493037074804306030e-04
3.513499395921826363e-04
3.727675357367843390e-04
3.486522764433175325e-04
3.482015454210340977e-04
3.571387205738574266e-04
3.519282618071883917e-04
3.589446714613586664e-04
3.497786528896540403e-04
3.446615301072597504e-04
3.508751688059419394e-04
3.687802236527204514e-04
3.462980675976723433e-04
3.549447574187070131e-04
3.660301736090332270e-04
3.557552990969270468e-04
3.459077561274170876e-04
3.371615603100508451e-04
3.463847970124334097e-04
3.509321541059762239e-04
3.460625302977859974e-04
3.472634707577526569e-04
3.454039106145501137e-04
3.421514411456882954e-04
3.544132923707365990e-04
3.393680672161281109e-04
3.448621719144284725e-04
3.479399601928889751e-04
3.376601089257746935e-04
3.469384682830423117e-04
3.663042443804442883e-04
3.347669844515621662e-04
3.482251777313649654e-04
3.540624165907502174e-04
3.509282541926950216e-04
3.482662432361394167e-04
3.512906550895422697e-04
3.447164781391620636e-04
3.366514283698052168e-04
3.379556874278932810e-04
3.470236842986196280e-04
4.315555852372199297e-04
3.446849295869469643e-04
3.443869936745613813e-04
3.351858467794954777e-04
3.521120524965226650e-04
3.537193406373262405e-04
3.456333070062100887e-04
3.425542090553790331e-04
3.473697870504111052e-04
3.554182476364076138e-04
3.653343010228127241e-04
3.489797818474471569e-04
3.634691529441624880e-04
3.666714183054864407e-04
3.530184330884367228e-04
3.470268566161394119e-04
3.464431210886687040e-04
3.390866622794419527e-04
3.638177004177123308e-04
3.514891432132571936e-04
3.600088239181786776e-04
3.565488732419908047e-04
3.467305796220898628e-04
3.441984881646931171e-04
3.658522327896207571e-04
3.483614418655633926e-04
3.390453639440238476e-04
3.474052937235683203e-04
3.471917589195072651e-04
3.546784573700278997e-04
3.504791820887476206e-04
3.591803251765668392e-04
3.535831638146191835e-04
3.706841671373695135e-04
3.607165417633950710e-04
3.675924963317811489e-04
3.537267039064317942e-04
3.499623853713274002e-04
3.553116694092750549e-04
3.435310209169983864e-04
3.483684849925339222e-04
3.687364805955439806e-04
3.383906732778996229e-04
3.274658229202032089e-04
3.567658131942152977e-04
3.673485771287232637e-04
3.444718022365123034e-04
3.680524241644889116e-04
3.676777414511889219e-04
3.494491975288838148e-04
3.642778610810637474e-04
3.381891292519867420e-04
3.581804921850562096e-04
3.424258320592343807e-04
3.369394980836659670e-04
3.491383395157754421e-04
3.454720426816493273e-04
3.387478063814342022e-04
3.487363574095070362e-04
3.472940297797322273e-04
3.449100186116993427e-04
3.639375499915331602e-04
3.363924915902316570e-04
3.505530476104468107e-04
3.542541526257991791e-04
3.535906143952161074e-04
3.568059764802455902e-04
3.599655465222895145e-04
3.459282452240586281e-04
3.556247684173285961e-04
3.611744614318013191e-04
3.491607203613966703e-04
3.412981168366968632e-04
3.367039607837796211e-04
3.499335725791752338e-04
3.489268419798463583e-04
3.401070425752550364e-04
3.559780889190733433e-04
3.393282240722328424e-04
3.529440436977893114e-04
3.527467197272926569e-04
3.464673936832696199e-04
3.630592545960098505e-04
3.526490472722798586e-04
3.457320854067802429e-04
3.525340580381453037e-04
3.352485946379601955e-04
3.389703051652759314e-04
3.565622901078313589e-04
3.676138585433363914e-04
3.509111702442169189e-04
3.385003365110605955e-04
3.329021856188774109e-04
3.464299661573022604e-04
3.462747845333069563e-04
3.542549675330519676e-04
2.876667422242462635e-04
3.531863039825111628e-04
3.720557433553040028e-04
3.481048333924263716e-04
3.489567316137254238e-04
3.437158884480595589e-04
3.673300961963832378e-04
3.509377711452543736e-04
3.441074804868549109e-04
3.536560689099133015e-04
3.473066317383199930e-04
3.373051295056939125e-04
3.615507448557764292e-04
3.634526801761239767e-04
3.496516728773713112e-04
3.483025939203798771e-04
3.506184148136526346e-04
3.451764350757002831e-04
3.466457710601389408e-04
3.451928496360778809e-04
3.532159025780856609e-04
3.652820887509733438e-04
3.450043732300400734e-04
3.471756645012646914e-04
3.471514501143246889e-04
3.445653128437697887e-04
3.520708705764263868e-04
3.680234658531844616e-04
3.614447778090834618e-04
3.445133916102349758e-04
3.467334900051355362e-04
3.477807331364601851e-04
3.639984934125095606e-04
3.254896146245300770e-04
3.420031280256807804e-04
3.457152633927762508e-04
3.388732438907027245e-04
3.484633634798228741e-04
3.598208131734281778e-04
3.543867496773600578e-04
3.392576763872057199e-04
3.536362492013722658e-04
3.444817557465285063e-04
3.472321259323507547e-04
3.548574750311672688e-04
3.507283108774572611e-04
3.690034500323235989e-04
3.559777396731078625e-04
3.469432995188981295e-04
3.551038971636444330e-04
3.494294360280036926e-04
3.469313669484108686e-04
3.543153288774192333e-04
3.668279969133436680e-04
3.497225989121943712e-04
3.681345551740378141e-04
3.503412590362131596e-04
3.513559058774262667e-04
3.686479758471250534e-04
3.431176592130213976e-04
3.499447193462401628e-04
3.469770599622279406e-04
3.387727192603051662e-04
3.380554844625294209e-04
3.431258082855492830e-04
3.480892919469624758e-04
3.595815796870738268e-04
3.444538451731204987e-04
3.450135991442948580e-04
3.441667940933257341e-04
3.373955260030925274e-04
3.499660815577954054e-04
3.455227706581354141e-04
3.402201109565794468e-04
3.448832430876791477e-04
3.473748511169105768e-04
4.092480521649122238e-04
3.648449783213436604e-04
3.455986443441361189e-04
3.599380725063383579e-04
3.523847844917327166e-04
3.442563465796411037e-04
3.472981043159961700e-04
3.673552710097283125e-04
3.461022570263594389e-04
3.519416204653680325e-04
3.545562503859400749e-04
3.496934077702462673e-04
3.661571536213159561e-04
3.392686194274574518e-04
3.492757386993616819e-04
3.434307873249053955e-04
3.482780884951353073e-04
3.364407166372984648e-04
3.379555128049105406e-04
3.656431799754500389e-04
3.537132579367607832e-04
3.745239519048482180e-04
3.496919525787234306e-04
3.424744063522666693e-04
3.383607254363596439e-04
3.477504069451242685e-04
3.709098673425614834e-04
3.625112003646790981e-04
3.469784569460898638e-04
3.414341190364211798e-04
3.544132341630756855e-04
3.488929651211947203e-04
3.670829464681446552e-04
3.457673010416328907e-04
3.595802700147032738e-04
3.430450742598623037e-04
3.516035503707826138e-04
3.382636059541255236e-04
3.380263224244117737e-04
3.661855007521808147e-04
3.453514946158975363e-04
3.619680355768650770e-04
3.724292910192161798e-04
3.503065963741391897e-04
3.538171877153217793e-04
3.542185295373201370e-04
3.543546190485358238e-04
3.447263443376868963e-04
3.539496392477303743e-04
3.476139099802821875e-04
3.495856071822345257e-04
3.695111663546413183e-04
3.389914927538484335e-04
3.389322664588689804e-04
3.464510373305529356e-04
3.683539980556815863e-04
3.437841369304805994e-04
3.518119920045137405e-04
3.520114405546337366e-04
3.460545849520713091e-04
3.428758063819259405e-04
3.369885089341551065e-04
3.386118914932012558e-04
3.474162658676505089e-04
3.502666659187525511e-04
3.518994199112057686e-04
3.497446887195110321e-04
3.683555987663567066e-04
3.746742149814963341e-04
3.427638148423284292e-04
3.501509781926870346e-04
3.537845914252102375e-04
3.737251390703022480e-04
3.697559877764433622e-04
3.519254678394645452e-04
3.530689573381096125e-04
3.387875913176685572e-04
3.391194622963666916e-04
3.468423965387046337e-04
3.408039628993719816e-04
3.549609100446105003e-04
3.557249146979302168e-04
3.490137169137597084e-04
3.428479831200093031e-04
3.301066171843558550e-04
3.469698422122746706e-04
3.496690187603235245e-04
3.371243074070662260e-04
3.507862857077270746e-04
3.474508412182331085e-04
3.563620557542890310e-04
3.663417301140725613e-04
3.533892158884555101e-04
3.468179202172905207e-04
3.451769298408180475e-04
3.472106473054736853e-04
3.863481106236577034e-04
3.537315642461180687e-04
3.497603174764662981e-04
3.667635028250515461e-04
3.368695615790784359e-04
4.142401448916643858e-04
3.697782231029123068e-04
3.691942838486284018e-04
3.665763942990452051e-04
3.417749248910695314e-04
3.345969307702034712e-04
3.543651255313307047e-04
3.527433727867901325e-04
3.462608437985181808e-04
3.547021478880196810e-04
3.703937982209026814e-04
3.397695254534482956e-04
3.475086996331810951e-04
3.673406026791781187e-04
3.482160391286015511e-04
3.659251669887453318e-04
3.644845273811370134e-04
3.390545898582786322e-04
3.440833534114062786e-04
3.653200401458889246e-04
3.714720369316637516e-04
3.663067764136940241e-04
3.665616095531731844e-04
3.478296275716274977e-04
3.452532400842756033e-04
3.478192957118153572e-04
3.510047972667962313e-04
3.318715316709131002e-04
3.314086352474987507e-04
3.448478528298437595e-04
3.484587359707802534e-04
3.392105863895267248e-04
3.454124380368739367e-04
3.395692619960755110e-04
3.676391497720032930e-04
3.511439135763794184e-04
3.629356797318905592e-04
3.489845548756420612e-04
3.396983956918120384e-04
3.554266004357486963e-04
3.570745466277003288e-04
3.446695336606353521e-04
3.683179675135761499e-04
3.414741368032991886e-04
3.476887359283864498e-04
3.460851148702204227e-04
3.393313672859221697e-04
3.475752018857747316e-04
3.545802028384059668e-04
3.457490529399365187e-04
3.465900081209838390e-04
3.689561272040009499e-04
3.555266594048589468e-04
3.507040382828563452e-04
3.595183661673218012e-04
3.646842669695615768e-04
3.465821209829300642e-04
3.385639283806085587e-04
3.527740773279219866e-04
3.498485602904111147e-04
3.481009043753147125e-04
3.470631199888885021e-04
3.392259532120078802e-04
3.366072196513414383e-04
3.465102927293628454e-04
3.376324311830103397e-04
3.688915458042174578e-04
3.452082455623894930e-04
3.339645627420395613e-04
3.392123326193541288e-04
3.674780891742557287e-04
3.340634284541010857e-04
3.458255378063768148e-04
3.698157379403710365e-04
3.673351020552217960e-04
3.451801312621682882e-04
3.477859718259423971e-04
3.484499175101518631e-04
3.474841651041060686e-04
3.652679151855409145e-04
3.451232914812862873e-04
3.653330786619335413e-04
3.559476172085851431e-04
3.522232582326978445e-04
3.449637733865529299e-04
3.426420153118669987e-04
3.466797061264514923e-04
3.683887189254164696e-04
3.460794687271118164e-04
3.447928174864500761e-04
3.651784500107169151e-04
3.529069945216178894e-04
3.517400764394551516e-04
3.503840707708150148e-04
3.462767344899475574e-04
3.385998716112226248e-04
3.462150925770401955e-04
3.281998215243220329e-04
3.674592007882893085e-04
3.380596754141151905e-04
3.468134673312306404e-04
3.638037887867540121e-04
3.471430391073226929e-04
3.529821406118571758e-04
3.383049333933740854e-04
3.483725013211369514e-04
3.460654988884925842e-04
3.643275122158229351e-04
3.389878256712108850e-04
3.835621464531868696e-04
3.719924134202301502e-04
3.584135847631841898e-04
3.482638858258724213e-04
3.582667559385299683e-04
3.672951424960047007e-04
3.470722876954823732e-04
3.687398566398769617e-04
3.457684942986816168e-04
3.541955957189202309e-04
3.509477246552705765e-04
3.252232854720205069e-04
3.511135582812130451e-04
3.360531700309365988e-04
3.548150998540222645e-04
3.511988907121121883e-04
3.705766866914927959e-04
3.650478611234575510e-04
3.500543243717402220e-04
3.543377097230404615e-04
3.548331151250749826e-04
3.607481194194406271e-04
3.497315337881445885e-04
3.652460582088679075e-04
3.701590758282691240e-04
3.458803112152963877e-04
3.385753952898085117e-04
3.592180728446692228e-04
3.685875271912664175e-04
3.443761961534619331e-04
3.472683310974389315e-04
3.621553187258541584e-04
3.668025310616940260e-04
3.530521062202751637e-04
3.508687950670719147e-04
3.700124507304280996e-04
3.496991412248462439e-04
3.678575740195810795e-04
3.636846959125250578e-04
3.506527573335915804e-04
3.464886976871639490e-04
3.596734604798257351e-04
3.468628565315157175e-04
3.391415229998528957e-04
3.476749698165804148e-04
3.442193847149610519e-04
3.650204162113368511e-04
3.518277080729603767e-04
3.540758334565907717e-04
3.401420544832944870e-04
3.376737004145979881e-04
3.480495361145585775e-04
3.428119525779038668e-04
3.335142391733825207e-04
3.471725794952362776e-04
3.451978845987468958e-04
3.377553075551986694e-04
3.503060142975300550e-04
3.396398969925940037e-04
3.460711450316011906e-04
3.349956532474607229e-04
3.442531160544604063e-04
3.435681865084916353e-04
3.536966105457395315e-04
3.446346963755786419e-04
3.645978576969355345e-04
3.504974883981049061e-04
3.478343132883310318e-04
3.496590361464768648e-04
3.333939530421048403e-04
3.473791293799877167e-04
3.468605282250791788e-04
3.612816508393734694e-04
3.385867457836866379e-04
3.468229842837899923e-04
3.487912181299179792e-04
3.581949858926236629e-04
3.720452368725091219e-04
3.388668119441717863e-04
3.481518069747835398e-04
3.635705797933042049e-04
3.545174840837717056e-04
3.392991493456065655e-04
3.483157197479158640e-04
3.541495243553072214e-04
3.541160258464515209e-04
3.692689060699194670e-04
3.689340373966842890e-04
3.393415536265820265e-04
3.605080419220030308e-04
3.440550644882023335e-04
3.433451347518712282e-04
3.504798514768481255e-04
3.392607031855732203e-04
3.478964790701866150e-04
3.588109102565795183e-04
3.457918064668774605e-04
3.360258415341377258e-04
3.481399617157876492e-04
3.456037666182965040e-04
3.483420587144792080e-04
3.634525346569716930e-04
3.428250493016093969e-04
3.383799048606306314e-04
3.663137613330036402e-04
3.408611810300499201e-04
3.632836742326617241e-04
3.525250940583646297e-04
4.057182813994586468e-04
3.361151611898094416e-04
3.451005904935300350e-04
3.527210792526602745e-04
3.773656790144741535e-04
3.537254815455526114e-04
3.493209660518914461e-04
3.660817164927721024e-04
3.515583812259137630e-04
3.485648776404559612e-04
3.597343456931412220e-04
3.541587502695620060e-04
3.533550188876688480e-04
3.395015955902636051e-04
4.041604988742619753e-04
3.446482296567410231e-04
3.537882294040173292e-04
3.377605753485113382e-04
3.544985374901443720e-04
3.627224068623036146e-04
4.311251686885952950e-04
3.692313912324607372e-04
3.489785012789070606e-04
3.568582178559154272e-04
3.549281973391771317e-04
3.474996774457395077e-04
3.645449178293347359e-04
3.703815746121108532e-04
3.427217307034879923e-04
3.472779935691505671e-04
3.301413671579211950e-04
3.395992971491068602e-04
3.663352399598807096e-04
3.706305869854986668e-04
3.473788383416831493e-04
3.655648324638605118e-04
3.467058704700320959e-04
3.390140191186219454e-04
3.374122607056051493e-04
3.427589836064726114e-04
3.499129379633814096e-04
3.452313248999416828e-04
3.454854595474898815e-04
3.504768537823110819e-04
3.527516382746398449e-04
3.472247335594147444e-04
3.384346200618892908e-04
3.556493902578949928e-04
3.464853507466614246e-04
3.553695569280534983e-04
3.547025553416460752e-04
3.361150447744876146e-04
3.460373845882713795e-04
3.475093399174511433e-04
3.480876912362873554e-04
3.550695546437054873e-04
3.550428664311766624e-04
3.458872670307755470e-04
3.581409691832959652e-04
3.661825030576437712e-04
3.511358809191733599e-04
3.462647728156298399e-04
3.487736394163221121e-04
3.540625330060720444e-04
3.571339766494929790e-04
3.427568299230188131e-04
3.441300650592893362e-04
3.662581148091703653e-04
3.452565579209476709e-04
3.694003389682620764e-04
3.452722739893943071e-04
3.671685117296874523e-04
3.620885254349559546e-04
3.518674639053642750e-04
3.325899306219071150e-04
3.679455257952213287e-04
3.433122474234551191e-04
3.419400018174201250e-04
3.548373060766607523e-04
3.492159594316035509e-04
3.896691778209060431e-04
3.303727717138826847e-04
3.519811725709587336e-04
3.502787149045616388e-04
3.395946405362337828e-04
3.509095986373722553e-04
3.500311286188662052e-04
3.652455925475805998e-04
3.390744386706501245e-04
3.696238272823393345e-04
3.540379984769970179e-04
3.387592441868036985e-04
3.699430963024497032e-04
3.447493363637477160e-04
3.496359568089246750e-04
3.491317329462617636e-04
3.493090334814041853e-04
3.488292859401553869e-04
3.495264099910855293e-04
3.476511046756058931e-04
3.495782148092985153e-04
3.519364108797162771e-04
3.494451229926198721e-04
3.539116296451538801e-04
3.522054757922887802e-04
3.473405959084630013e-04
3.450567310210317373e-04
3.514315467327833176e-04
3.460242587607353926e-04
3.520850441418588161e-04
3.515467396937310696e-04
3.528761735651642084e-04
3.683279210235923529e-04
3.634088207036256790e-04
3.568238462321460247e-04
3.699684748426079750e-04
3.658678324427455664e-04
3.713544283527880907e-04
3.705774724949151278e-04
3.504565684124827385e-04
3.423365706112235785e-04
3.387113392818719149e-04
3.386414318811148405e-04
3.302122640889137983e-04
3.603424993343651295e-04
3.646658442448824644e-04
3.384640731383115053e-04
3.492857795208692551e-04
3.619242052081972361e-04
3.553192073013633490e-04
3.373920626472681761e-04
3.531177644617855549e-04
3.459399740677326918e-04
3.595710149966180325e-04
3.520137688610702753e-04
3.391272621229290962e-04
3.371989005245268345e-04
3.447261406108736992e-04
3.481860039755702019e-04
3.429331991355866194e-04
3.397995023988187313e-04
3.576285671442747116e-04
3.442470624577254057e-04
3.518830344546586275e-04
3.912716347258538008e-04
3.534599381964653730e-04
3.470294177532196045e-04
3.400430432520806789e-04
3.312764747533947229e-04
3.439516294747591019e-04
3.457966377027332783e-04
3.451730881351977587e-04
3.532528935465961695e-04
3.323461569380015135e-04
3.454144170973449945e-04
3.694279876071959734e-04
3.465412883087992668e-04
3.490895614959299564e-04
3.685067931655794382e-04
3.600430500227957964e-04
3.533222479745745659e-04
3.511146642267704010e-04
3.605785605031996965e-04
3.486717469058930874e-04
3.630822466220706701e-04
3.438734274823218584e-04
3.457370039541274309e-04
3.461434971541166306e-04
3.490286471787840128e-04
3.425777540542185307e-04
3.545166400726884604e-04
3.524406347423791885e-04
3.472652751952409744e-04
3.676005580928176641e-04
3.392375947441905737e-04
3.484499757178127766e-04
3.387714386917650700e-04
3.550607652869075537e-04
3.689262375701218843e-04
3.450645599514245987e-04
3.484955232124775648e-04
3.672129241749644279e-04
3.526968357618898153e-04
3.350614279042929411e-04
3.383334842510521412e-04
3.464771434664726257e-04
3.443910391069948673e-04
3.465403860900551081e-04
3.496492572594434023e-04
3.546478983480483294e-04
3.481805615592747927e-04
3.346777521073818207e-04
3.434337559156119823e-04
4.185425059404224157e-04
3.384706797078251839e-04
3.283335245214402676e-04
3.846853214781731367e-04
3.519692108966410160e-04
3.503598563838750124e-04
3.354954242240637541e-04
3.498788573779165745e-04
3.375680535100400448e-04
3.487517242319881916e-04
3.519388847053050995e-04
3.805832820944488049e-04
3.426522889640182257e-04
3.608095576055347919e-04
3.549990651663392782e-04
3.689183504320681095e-04
3.660821530502289534e-04
3.463605535216629505e-04
3.506576467771083117e-04
3.433898673392832279e-04
3.453724784776568413e-04
3.539775789249688387e-04
3.372685750946402550e-04
3.658559871837496758e-04
3.432565426919609308e-04
3.574169531930238008e-04
3.586002276279032230e-04
3.492489631753414869e-04
3.533101989887654781e-04
3.532690170686691999e-04
3.500762686599045992e-04
3.441765438765287399e-04
3.729054005816578865e-04
3.382544673513621092e-04
3.463760949671268463e-04
3.374810039531439543e-04
3.496989374980330467e-04
3.541792684700340033e-04
3.565003571566194296e-04
3.346398298162966967e-04
3.654630272649228573e-04
3.688617434818297625e-04
3.442410088609904051e-04
3.547614032868295908e-04
3.560286422725766897e-04
3.548386739566922188e-04
3.522910410538315773e-04
3.521874896250665188e-04
3.536006552167236805e-04
3.671469748951494694e-04
3.530744288582354784e-04
3.551058180164545774e-04
3.470813971944153309e-04
3.450497169978916645e-04
3.461652086116373539e-04
3.678319917526096106e-04
3.548257518559694290e-04
3.395374224055558443e-04
3.634616150520741940e-04
4.258117987774312496e-04
3.442039305809885263e-04
3.544809005688875914e-04
3.473061078693717718e-04
3.628592821769416332e-04
3.508513327687978745e-04
3.622862568590790033e-04
3.463362809270620346e-04
3.466965863481163979e-04
3.491217794362455606e-04
3.379453846719115973e-04
3.422508598305284977e-04
3.704904811456799507e-04
3.442299494054168463e-04
3.371244238223880529e-04
3.542085178196430206e-04
3.379097906872630119e-04
3.438611165620386600e-04
3.494211414363235235e-04
3.479642036836594343e-04
3.457697166595607996e-04
3.386510361451655626e-04
3.424247552175074816e-04
3.470941155683249235e-04
3.383440198376774788e-04
3.519628371577709913e-04
3.583496727515012026e-04
3.482399915810674429e-04
3.692160244099795818e-04
3.472723474260419607e-04
3.689181467052549124e-04
3.219505597371608019e-04
3.452796954661607742e-04
3.507788933347910643e-04
3.370055928826332092e-04
3.486578061711043119e-04
3.656611370388418436e-04
3.556510200724005699e-04
3.532695991452783346e-04
3.456767299212515354e-04
3.595488087739795446e-04
3.527874359861016273e-04
3.542685299180448055e-04
3.473200777079910040e-04
3.439412394072860479e-04
3.379500412847846746e-04
3.452689270488917828e-04
3.495645069051533937e-04
3.385567979421466589e-04
3.511579998303204775e-04
3.513714182190597057e-04
3.419949498493224382e-04
3.277939977124333382e-04
4.263384034857153893e-04
3.490613889880478382e-04
3.460153820924460888e-04
3.389768244232982397e-04
3.444164467509835958e-04
3.421073197387158871e-04
3.628045087680220604e-04
3.552564885467290878e-04
3.390084311831742525e-04
3.341449191793799400e-04
3.303120320197194815e-04
3.515787539072334766e-04
3.633254091255366802e-04
3.394589002709835768e-04
3.491188399493694305e-04
3.382632858119904995e-04
3.458158753346651793e-04
3.404582967050373554e-04
3.389866615179926157e-04
3.559184260666370392e-04
3.797381650656461716e-04
3.454600810073316097e-04
3.370158083271235228e-04
3.587948158383369446e-04
3.479086444713175297e-04
3.387967008166015148e-04
3.378245164640247822e-04
3.499821177683770657e-04
3.471564850769937038e-04
3.431301156524568796e-04
3.472923708613961935e-04
3.390918136574327946e-04
3.385277523193508387e-04
3.362019197084009647e-04
3.572610439732670784e-04
3.637119079940021038e-04
3.460524894762784243e-04
3.535526047926396132e-04
3.404255548957735300e-04
3.477498830761760473e-04
3.393008373677730560e-04
3.585788654163479805e-04
3.500971652101725340e-04
3.741458349395543337e-04
3.655521722976118326e-04
3.546274674590677023e-04
3.539289755281060934e-04
3.640176437329500914e-04
3.315254580229520798e-04
3.499128506518900394e-04
3.540545876603573561e-04
3.390578203834593296e-04
3.680618247017264366e-04
3.737109946087002754e-04
3.529896785039454699e-04
3.450664808042347431e-04
3.413200320210307837e-04
3.468251379672437906e-04
3.382379654794931412e-04
3.699713852256536484e-04
3.704314294736832380e-04
3.539419267326593399e-04
3.526997461449354887e-04
3.400693531148135662e-04
3.713929036166518927e-04
3.467988572083413601e-04
3.651283332146704197e-04
3.412103978917002678e-04
3.478737780824303627e-04
3.540307516232132912e-04
3.441262815613299608e-04
3.507838118821382523e-04
3.398240951355546713e-04
3.487069334369152784e-04
3.498208243399858475e-04
3.452479140833020210e-04
3.475426346994936466e-04
3.594340523704886436e-04
3.548047970980405807e-04
3.735945792868733406e-04
3.468284558039158583e-04
3.504596825223416090e-04
3.397224936634302139e-04
3.543678030837327242e-04
3.457746352069079876e-04
3.374376683495938778e-04
3.481327439658343792e-04
3.474181867204606533e-04
3.345971344970166683e-04
3.606055979616940022e-04
3.539354365784674883e-04
3.345640725456178188e-04
3.391442005522549152e-04
3.491756506264209747e-04
3.662358794827014208e-04
3.455025143921375275e-04
3.384659648872911930e-04
3.380891575943678617e-04
3.466666967142373323e-04
3.494682023301720619e-04
3.511443792376667261e-04
3.439173742663115263e-04
3.500469611026346684e-04
3.527452936396002769e-04
3.488497459329664707e-04
3.506635548546910286e-04
3.485145280137658119e-04
3.454981488175690174e-04
3.495066484902054071e-04
3.535046416800469160e-04
3.352114581502974033e-04
3.397198452148586512e-04
3.480447921901941299e-04
3.513233677949756384e-04
3.510038659442216158e-04
3.493908152449876070e-04
3.513164992909878492e-04
3.674328618217259645e-04
3.454143297858536243e-04
3.459704748820513487e-04
3.457344428170472383e-04
3.392991202417761087e-04
3.368014586158096790e-04
3.443130117375403643e-04
3.378202090971171856e-04
3.393018560018390417e-04
3.553816932253539562e-04
3.456066770013421774e-04
3.471086092758923769e-04
3.675726184155791998e-04
3.468324721325188875e-04
3.389588673599064350e-04
3.544156497810035944e-04
3.555204893928021193e-04
3.542352060321718454e-04
3.390605561435222626e-04
3.485272463876754045e-04
3.467096248641610146e-04
3.631122817751020193e-04
3.494064731057733297e-04
3.458312421571463346e-04
3.548466775100678205e-04
3.497129364404827356e-04
3.393460938241332769e-04
3.466627676971256733e-04
3.363644646015018225e-04
3.391145146451890469e-04
3.682071401271969080e-04
3.659636713564395905e-04
3.481063176877796650e-04
3.241432714276015759e-04
3.475082048680633307e-04
3.474403929430991411e-04
3.412964579183608294e-04
4.173723573330789804e-04
3.431706281844526529e-04
3.707214782480150461e-04
3.488959046080708504e-04
3.562534402590245008e-04
3.486639761831611395e-04
3.498028090689331293e-04
3.680568188428878784e-04
3.552969719748944044e-04
3.476020356174558401e-04
3.465710324235260487e-04
3.478343132883310318e-04
3.656758635770529509e-04
3.704477276187390089e-04
3.664760151877999306e-04
3.523080958984792233e-04
3.528588858898729086e-04
3.422112204134464264e-04
3.491527459118515253e-04
3.561823687050491571e-04
3.672933380585163832e-04
3.375542291905730963e-04
3.447490744292736053e-04
3.683377872221171856e-04
3.598800685722380877e-04
3.469981020316481590e-04
3.516294236760586500e-04
3.459388390183448792e-04
3.276750794611871243e-04
4.392910341266542673e-04
3.666824195533990860e-04
3.543294151313602924e-04
3.511861723382025957e-04
3.545293002389371395e-04
3.698216169141232967e-04
3.423444286454468966e-04
3.533190756570547819e-04
3.436944680288434029e-04
3.445695911068469286e-04
3.658265632111579180e-04
3.496012359391897917e-04
3.390501951798796654e-04
3.523989580571651459e-04
3.485149063635617495e-04
3.374430525582283735e-04
3.508105291984975338e-04
3.465822665020823479e-04
3.370076592545956373e-04
3.479009028524160385e-04
3.518003795761615038e-04
3.531763213686645031e-04
3.552284615579992533e-04
3.535565920174121857e-04
3.476880374364554882e-04
3.511170216370373964e-04
3.613032749854028225e-04
3.556378069333732128e-04
3.541036567185074091e-04
3.603211080189794302e-04
3.512408293318003416e-04
3.497456782497465611e-04
3.377571410965174437e-04
3.667332639452069998e-04
3.329015453346073627e-04
3.485445922706276178e-04
3.597827162593603134e-04
3.458916326053440571e-04
3.381916612852364779e-04
3.684996627271175385e-04
3.478845173958688974e-04
3.455493715591728687e-04
3.509551461320370436e-04
3.674833569675683975e-04
3.537295560818165541e-04
3.480224695522338152e-04
3.473114338703453541e-04
3.502335748635232449e-04
3.493851691018790007e-04
3.383132570888847113e-04
3.483924956526607275e-04
3.445799811743199825e-04
3.524006460793316364e-04
3.526389482431113720e-04
3.461200394667685032e-04
3.441864100750535727e-04
3.620523493736982346e-04
3.693561884574592113e-04
3.460615698713809252e-04
3.395025269128382206e-04
3.426620096433907747e-04
3.574511210899800062e-04
3.433603851590305567e-04
3.504374180920422077e-04
3.626700490713119507e-04
3.529634559527039528e-04
3.421510336920619011e-04
3.685176488943397999e-04
3.684614493977278471e-04
3.710993914864957333e-04
3.440455184318125248e-04
3.643899399321526289e-04
3.451937809586524963e-04
3.543686179909855127e-04
3.356870147399604321e-04
3.548052918631583452e-04
3.712435136549174786e-04
3.377730608917772770e-04
3.380677080713212490e-04
3.482023021206259727e-04
3.466960624791681767e-04
3.396811953280121088e-04
3.671822778414934874e-04
3.433545061852782965e-04
3.463957691565155983e-04
3.527324879541993141e-04
3.464918117970228195e-04
3.390144847799092531e-04
3.536234726198017597e-04
3.449454088695347309e-04
3.493299591355025768e-04
3.640414506662636995e-04
3.517835284583270550e-04
3.477040736470371485e-04
3.673832397907972336e-04
3.634807071648538113e-04
3.438082057982683182e-04
3.654931497294455767e-04
3.390490892343223095e-04
3.489348455332219601e-04
3.362301795277744532e-04
3.395485691726207733e-04
3.365397860761731863e-04
3.505568020045757294e-04
3.447966882959008217e-04
3.487854264676570892e-04
3.395751700736582279e-04
3.655666369013488293e-04
3.469998191576451063e-04
3.548451932147145271e-04
3.370194754097610712e-04
3.682918031699955463e-04
3.551301488187164068e-04
3.430132055655121803e-04
3.541915793903172016e-04
3.457966377027332783e-04
3.231361624784767628e-04
3.535125870257616043e-04
3.543861676007509232e-04
3.472496755421161652e-04
3.435533144511282444e-04
3.531618567649275064e-04
3.412966616451740265e-04
3.606032987590879202e-04
3.486416535452008247e-04
3.508231602609157562e-04
3.453496610745787621e-04
4.167066945228725672e-04
3.421280416660010815e-04
3.683065879158675671e-04
3.446358896326273680e-04
3.376369131729006767e-04
3.385088348295539618e-04
3.613954177126288414e-04
3.663175448309630156e-04
3.480257873889058828e-04
3.381959104444831610e-04
3.457257116679102182e-04
3.382778086233884096e-04
3.538648597896099091e-04
3.483064065221697092e-04
3.538948949426412582e-04
3.429615462664514780e-04
4.280224384274333715e-04
3.371752973180264235e-04
3.501457686070352793e-04
3.504260384943336248e-04
3.541510086506605148e-04
3.542659687809646130e-04
3.504905616864562035e-04
3.711003519129008055e-04
3.483637410681694746e-04
3.498887526802718639e-04
3.677162167150527239e-04
3.390140773262828588e-04
3.453018725849688053e-04
3.491760871838778257e-04
3.511291870381683111e-04
3.531145630404353142e-04
3.487806243356317282e-04
3.424693713895976543e-04
3.388836339581757784e-04
3.519084129948168993e-04
3.569354303181171417e-04
3.690883168019354343e-04
3.525967185851186514e-04
3.388187033124268055e-04
3.486124624032527208e-04
3.396530228201299906e-04
3.337075759191066027e-04
3.470455412752926350e-04
3.387153556104749441e-04
3.483843756839632988e-04
3.456114500295370817e-04
3.506965294945985079e-04
3.474462137091904879e-04
3.384765295777469873e-04
3.478895232547074556e-04
3.501768806017935276e-04
3.687816497404128313e-04
3.500502498354762793e-04
3.523869381751865149e-04
3.502907056827098131e-04
3.672391467262059450e-04
3.635496541392058134e-04
3.546300576999783516e-04
3.454914258327335119e-04
3.790225018747150898e-04
3.450870572123676538e-04
4.326645575929433107e-04
3.465130575932562351e-04
3.394677769392728806e-04
3.658298228401690722e-04
3.692773170769214630e-04
3.669939469546079636e-04
3.384372685104608536e-04
3.491643001325428486e-04
3.483088221400976181e-04
3.533700946718454361e-04
3.455764381214976311e-04
3.548169916030019522e-04
3.682698006741702557e-04
3.388311597518622875e-04
3.673646715469658375e-04
3.671056474559009075e-04
3.384730080142617226e-04
3.342092968523502350e-04
3.659841022454202175e-04
3.462031309027224779e-04
3.476944693829864264e-04
3.637211921159178019e-04
3.388226323295384645e-04
3.488691872917115688e-04
3.475903067737817764e-04
3.374784719198942184e-04
3.467598871793597937e-04
3.536735021043568850e-04
3.422741719987243414e-04
3.533360722940415144e-04
3.394448140170425177e-04
3.616340982262045145e-04
3.672864986583590508e-04
3.695742634590715170e-04
3.480490413494408131e-04
3.396186220925301313e-04
3.498281294014304876e-04
3.503621846903115511e-04
3.355265362188220024e-04
3.378857509233057499e-04
3.352139028720557690e-04
3.506594221107661724e-04
3.483549226075410843e-04
3.388803743291646242e-04
3.510278475005179644e-04
3.512155381031334400e-04
3.718305961228907108e-04
3.539235040079802275e-04
3.620464412961155176e-04
3.534578427206724882e-04
3.446159244049340487e-04
3.282045654486864805e-04
3.668600693345069885e-04
3.389859339222311974e-04
3.486620553303509951e-04
3.466478665359318256e-04
3.561446501407772303e-04
3.497958241496235132e-04
3.384112205822020769e-04
3.653838648460805416e-04
3.384549345355480909e-04
3.552361449692398310e-04
3.807377361226826906e-04
3.615439054556190968e-04
3.373263170942664146e-04
3.724638954736292362e-04
3.543741186149418354e-04
3.495277487672865391e-04
3.544676001183688641e-04
3.466971102170646191e-04
3.473964752629399300e-04
3.471835516393184662e-04
3.379189292900264263e-04
3.538778400979936123e-04
3.766635782085359097e-04
3.376336826477199793e-04
3.443266032263636589e-04
3.336260560899972916e-04
3.526209329720586538e-04
3.450905496720224619e-04
3.368376928847283125e-04
3.505148342810571194e-04
3.661243827082216740e-04
3.456707054283469915e-04
3.482280299067497253e-04
3.434930986259132624e-04
3.366856835782527924e-04
3.544795617926865816e-04
3.383377916179597378e-04
3.655786567833274603e-04
3.553976421244442463e-04
3.452190430834889412e-04
3.458401479292660952e-04
3.393070946913212538e-04
3.492041723802685738e-04
3.627201658673584461e-04
3.503896296024322510e-04
3.621148061938583851e-04
3.484721528366208076e-04
3.477412683423608541e-04
3.384331066627055407e-04
3.537120937835425138e-04
3.393576189409941435e-04
3.676478809211403131e-04
3.491221577860414982e-04
3.519490710459649563e-04
3.381276910658925772e-04
3.390679776202887297e-04
3.466974303591996431e-04
3.393739752937108278e-04
3.383173025213181973e-04
3.509719390422105789e-04
3.473472606856375933e-04
3.431672230362892151e-04
3.453950921539217234e-04
3.676247142720967531e-04
3.599033225327730179e-04
3.378833353053778410e-04
3.695256018545478582e-04
3.674319596029818058e-04
3.498591540846973658e-04
3.387252218089997768e-04
3.715117636602371931e-04
3.482852480374276638e-04
3.544907667674124241e-04
3.427145420573651791e-04
3.456842096056789160e-04
3.382797294761985540e-04
3.530475078150629997e-04
3.394020313862711191e-04
3.468803479336202145e-04
3.380965208634734154e-04
3.548609965946525335e-04
3.413045196793973446e-04
3.302934637758880854e-04
3.532867413014173508e-04
3.464551700744777918e-04
3.497052530292421579e-04
3.390433557797223330e-04
3.295493370387703180e-04
3.356272063683718443e-04
3.581466735340654850e-04
3.433879173826426268e-04
3.549855609890073538e-04
3.576598537620157003e-04
3.451940719969570637e-04
3.651289443951100111e-04
3.469407674856483936e-04
3.688658762257546186e-04
3.459799336269497871e-04
3.389569756109267473e-04
3.381700662430375814e-04
3.486556524876505136e-04
3.376806271262466908e-04
3.385463205631822348e-04
3.667146083898842335e-04
3.349847393110394478e-04
3.547855885699391365e-04
3.535555442795157433e-04
3.389622434042394161e-04
3.697635838761925697e-04
3.552210982888936996e-04
3.539496974553912878e-04
3.749546303879469633e-04
3.455464029684662819e-04
3.646312688942998648e-04
3.696110798045992851e-04
3.508839872665703297e-04
3.650198050308972597e-04
3.639505885075777769e-04
3.498570295050740242e-04
3.509669622872024775e-04
3.527033550199121237e-04
3.466166672296822071e-04
3.477300051599740982e-04
3.557324525900185108e-04
3.493078111205250025e-04
3.364245349075645208e-04
3.709279117174446583e-04
3.658660571090877056e-04
3.687525750137865543e-04
3.379957051947712898e-04
3.368202887941151857e-04
3.482097527012228966e-04
3.621790965553373098e-04
3.462177410256117582e-04
3.385253949090838432e-04
3.492542018648236990e-04
3.497838624753057957e-04
3.494037373457103968e-04
3.667849232442677021e-04
3.573083668015897274e-04
3.507705405354499817e-04
3.433024685364216566e-04
3.466944617684930563e-04
3.420682915020734072e-04
3.497827274259179831e-04
3.456146223470568657e-04
3.648354904726147652e-04
3.692993777804076672e-04
3.587812243495136499e-04
3.461075539235025644e-04
3.532939590513706207e-04
3.462879394646733999e-04
3.676747728604823351e-04
3.682364185806363821e-04
3.550390247255563736e-04
3.429815114941447973e-04
3.360924019943922758e-04
3.540837205946445465e-04
3.387486212886869907e-04
3.488457878120243549e-04
3.431007498875260353e-04
3.703849797602742910e-04
3.568747488316148520e-04
3.504916094243526459e-04
3.454006800893694162e-04
3.686583368107676506e-04
3.446160990279167891e-04
3.398029075469821692e-04
3.539185563568025827e-04
3.536828153301030397e-04
3.512330877128988504e-04
3.639238129835575819e-04
3.395742678549140692e-04
3.392710932530462742e-04
3.424798196647316217e-04
3.662932431325316429e-04
3.645099641289561987e-04
3.491912793833762407e-04
3.691982128657400608e-04
3.468345385044813156e-04
3.501250175759196281e-04
3.462091844994574785e-04
3.530997491907328367e-04
3.548522654455155134e-04
3.548898093868046999e-04
3.382951545063406229e-04
3.504071792121976614e-04
3.619766503106802702e-04
3.581322962418198586e-04
3.481276507955044508e-04
3.527888620737940073e-04
3.359723486937582493e-04
3.395343665033578873e-04
3.530953836161643267e-04
3.587268001865595579e-04
3.594349836930632591e-04
3.687748394440859556e-04
4.370597889646887779e-04
3.482325118966400623e-04
3.470573865342885256e-04
3.480422601569443941e-04
3.532607224769890308e-04
3.516597207635641098e-04
3.418971900828182697e-04
3.547401574905961752e-04
3.395622479729354382e-04
3.522868792060762644e-04
3.546594525687396526e-04
3.539644530974328518e-04
3.570948902051895857e-04
3.514405398163944483e-04
3.532455884851515293e-04
3.387701872270554304e-04
3.637456393335014582e-04
3.454575198702514172e-04
3.517379518598318100e-04
3.443682217039167881e-04
3.562211932148784399e-04
3.530621761456131935e-04
3.363543364685028791e-04
3.395144012756645679e-04
3.359447291586548090e-04
3.767975431401282549e-04
3.439713909756392241e-04
3.473169635981321335e-04
3.392793587408959866e-04
3.392803773749619722e-04
3.544030187185853720e-04
3.487271605990827084e-04
3.525386273395270109e-04
3.413734375499188900e-04
3.557268937584012747e-04
3.358372778166085482e-04
3.708594595082104206e-04
3.544914361555129290e-04
3.505567437969148159e-04
3.367986937519162893e-04
3.564797807484865189e-04
3.487940703053027391e-04
3.394729574210941792e-04
3.795699449256062508e-04
3.657535999082028866e-04
3.543767379596829414e-04
3.687258576974272728e-04
3.546426596585661173e-04
3.437500563450157642e-04
3.602335928007960320e-04
3.505829081404954195e-04
3.386065654922276735e-04
3.639013448264449835e-04
3.485827764961868525e-04
3.522548649925738573e-04
3.560300392564386129e-04
3.534079005476087332e-04
3.459323488641530275e-04
3.444511967245489359e-04
3.388111945241689682e-04
3.646181721705943346e-04
3.493797557894140482e-04
3.485556226223707199e-04
3.497544967103749514e-04
3.452640667092055082e-04
3.544604405760765076e-04
3.657155029941350222e-04
3.555816074367612600e-04
3.481591120362281799e-04
3.468885261099785566e-04
3.383602888789027929e-04
3.397958935238420963e-04
3.674344043247401714e-04
3.546516236383467913e-04
3.339625254739075899e-04
3.552668495103716850e-04
3.448397910688072443e-04
3.417338884901255369e-04
3.466512425802648067e-04
3.445734328124672174e-04
3.676158376038074493e-04
3.533076087478548288e-04
3.373200015630573034e-04
3.421668661758303642e-04
3.549935354385524988e-04
3.454191028140485287e-04
3.680145309772342443e-04
3.485920897219330072e-04
3.612521395552903414e-04
3.355681838002055883e-04
3.373929066583514214e-04
3.399168199393898249e-04
3.517890290822833776e-04
3.395712701603770256e-04
3.489405789878219366e-04
3.670284640975296497e-04
3.461659653112292290e-04
3.689939039759337902e-04
3.394114901311695576e-04
3.496817371342331171e-04
3.673586179502308369e-04
3.516204014886170626e-04
3.542761842254549265e-04
3.536401200108230114e-04
3.418123233132064342e-04
3.556183073669672012e-04
3.484420594759285450e-04
3.366186283528804779e-04
3.462703025434166193e-04
3.790203190874308348e-04
3.388335171621292830e-04
3.526806831359863281e-04
3.390919009689241648e-04
3.553005226422101259e-04
3.507423098199069500e-04
3.441243316046893597e-04
3.608415136113762856e-04
3.518496232572942972e-04
3.512779076118022203e-04
3.469341027084738016e-04
3.472815733402967453e-04
3.495582495816051960e-04
3.305270220153033733e-04
3.599195333663374186e-04
3.537910233717411757e-04
3.551068075466901064e-04
3.540992038324475288e-04
3.659323556348681450e-04
3.571527777239680290e-04
3.561642661225050688e-04
3.550776164047420025e-04
3.521717735566198826e-04
3.541905898600816727e-04
3.568035317584872246e-04
3.493049298413097858e-04
3.476568381302058697e-04
3.494532138574868441e-04
3.375422675162553787e-04
3.635442117229104042e-04
3.492729738354682922e-04
3.507662622723728418e-04
3.379711706656962633e-04
3.369209589436650276e-04
3.450301883276551962e-04
3.542616905178874731e-04
3.577636089175939560e-04
3.621626528911292553e-04
3.681621165014803410e-04
3.639084461610764265e-04
4.246898170094937086e-04
3.539508034009486437e-04
3.486650530248880386e-04
3.465397749096155167e-04
3.554858849383890629e-04
3.656446933746337891e-04
3.559237229637801647e-04
3.535214054863899946e-04
3.661012160591781139e-04
3.673027094919234514e-04
3.383344446774572134e-04
3.478026192169636488e-04
3.490367089398205280e-04
3.344903816469013691e-04
3.459038853179663420e-04
3.523394698277115822e-04
3.530018730089068413e-04
3.545243525877594948e-04
3.519957535900175571e-04
3.427383198868483305e-04
3.624254895839840174e-04
3.398453700356185436e-04
3.676128981169313192e-04
3.394293016754090786e-04
3.450340009294450283e-04
3.653798485174775124e-04
3.571674751583486795e-04
3.539690515026450157e-04
3.385082818567752838e-04
3.463053726591169834e-04
3.492133400868624449e-04
3.517045988701283932e-04
3.700451343320310116e-04
3.446901973802596331e-04
3.662365488708019257e-04
3.568193351384252310e-04
3.719559463206678629e-04
3.539994359016418457e-04
3.482903703115880489e-04
3.614862798713147640e-04
3.681472153402864933e-04
3.637237532529979944e-04
3.621947544161230326e-04
3.400628920644521713e-04
3.517164732329547405e-04
3.654466127045452595e-04
3.493535623420029879e-04
3.397873661015182734e-04
3.642415977083146572e-04
3.510210081003606319e-04
3.603010845836251974e-04
3.467150963842868805e-04
3.380200359970331192e-04
3.459710569586604834e-04
3.482172032818198204e-04
3.394035156816244125e-04
3.506295033730566502e-04
3.417721600271761417e-04
3.491012030281126499e-04
3.464530454948544502e-04
3.493542899377644062e-04
3.489954979158937931e-04
3.650426515378057957e-04
3.714807680808007717e-04
3.361428389325737953e-04
3.547568921931087971e-04
3.492310061119496822e-04
3.509724338073283434e-04
3.540785401128232479e-04
3.531803668010979891e-04
3.492272517178207636e-04
3.485628403723239899e-04
3.473591932561248541e-04
3.478022408671677113e-04
3.375700907781720161e-04
3.461002488620579243e-04
3.688484430313110352e-04
3.459719300735741854e-04
3.384876181371510029e-04
3.410557110328227282e-04
3.451453230809420347e-04
3.549874818418174982e-04
3.492166870273649693e-04
3.651518491096794605e-04
3.395596286281943321e-04
3.669830330181866884e-04
3.461419546511024237e-04
3.653185267467051744e-04
3.403217706363648176e-04
3.373620565980672836e-04
3.494695411063730717e-04
3.533798444550484419e-04
3.527507651597261429e-04
3.346778103150427341e-04
3.392656799405813217e-04
3.494258562568575144e-04
3.628041595220565796e-04
3.485656634438782930e-04
3.480627201497554779e-04
3.664962423499673605e-04
3.506156790535897017e-04
3.444026224315166473e-04
3.506337525323033333e-04
3.539307508617639542e-04
3.482780302874743938e-04
3.470387309789657593e-04
3.567606036085635424e-04
3.465222835075110197e-04
3.700270608533173800e-04
3.702909161802381277e-04
3.539744648151099682e-04
3.514467680361121893e-04
3.685927658807486296e-04
3.687383723445236683e-04
3.641863295342773199e-04
3.597782633733004332e-04
3.521255566738545895e-04
3.702845424413681030e-04
3.442852757871150970e-04
3.331958432681858540e-04
3.481172316242009401e-04
3.502951876726001501e-04
3.477770660538226366e-04
3.502757463138550520e-04
3.382729482837021351e-04
3.572939313016831875e-04
3.474859113339334726e-04
3.476576530374586582e-04
3.543233033269643784e-04
3.328775055706501007e-04
3.307829319965094328e-04
3.388345066923648119e-04
3.532571136020123959e-04
3.515323915053158998e-04
3.439782594796270132e-04
3.440922591835260391e-04
3.358813992235809565e-04
3.467353526502847672e-04
3.476436249911785126e-04
3.493305121082812548e-04
3.668308490887284279e-04
3.378656692802906036e-04
3.554548020474612713e-04
3.675328043755143881e-04
3.446550981607288122e-04
3.493842668831348419e-04
3.390949568711221218e-04
3.436277620494365692e-04
3.556661249604076147e-04
3.468418144620954990e-04
3.530715184751898050e-04
3.491193929221481085e-04
3.502610488794744015e-04
3.478623402770608664e-04
3.388905315659940243e-04
3.476595738902688026e-04
3.689841832965612411e-04
3.945268690586090088e-04
3.639045171439647675e-04
3.578824398573487997e-04
3.388881159480661154e-04
3.641393850557506084e-04
3.454656980466097593e-04
3.491219249553978443e-04
3.431054065003991127e-04
3.454037359915673733e-04
3.396893444005399942e-04
3.682914248201996088e-04
3.371535858605057001e-04
3.508761583361774683e-04
3.582784847822040319e-04
3.455443365965038538e-04
3.660304646473377943e-04
3.374640364199876785e-04
3.678384236991405487e-04
3.538057790137827396e-04
3.383294970262795687e-04
3.487861540634185076e-04
3.492061805445700884e-04
3.456966951489448547e-04
3.380849666427820921e-04
3.570250119082629681e-04
3.373646468389779329e-04
3.447294584475457668e-04
3.559125761967152357e-04
3.523056511767208576e-04
3.495989949442446232e-04
3.531422989908605814e-04
3.662213857751339674e-04
3.610405256040394306e-04
3.555633884388953447e-04
3.884216421283781528e-04
3.444378671701997519e-04
3.475234552752226591e-04
3.657460911199450493e-04
3.479910956230014563e-04
3.452265518717467785e-04
3.388821496628224850e-04
3.392912331037223339e-04
3.449249488767236471e-04
3.534209099598228931e-04
3.372115315869450569e-04
3.545715007930994034e-04
3.456228878349065781e-04
3.793807118199765682e-04
3.560209006536751986e-04
3.390973433852195740e-04
3.695887862704694271e-04
3.240330843254923820e-04
3.445978218223899603e-04
3.477471764199435711e-04
3.379710251465439796e-04
3.701527311932295561e-04
3.541972837410867214e-04
3.366826858837157488e-04
3.435793914832174778e-04
3.652663144748657942e-04
3.473100077826529741e-04
3.636352485045790672e-04
3.712413599714636803e-04
3.533954150043427944e-04
3.682260285131633282e-04
3.684829862322658300e-04
3.595144662540405989e-04
3.460372681729495525e-04
3.486982313916087151e-04
3.546496154740452766e-04
3.554314898792654276e-04
3.468059585429728031e-04
3.491691313683986664e-04
3.486548957880586386e-04
3.377454413566738367e-04
3.379869158379733562e-04
3.666218253783881664e-04
3.454705001786351204e-04
3.511537797749042511e-04
3.484977059997618198e-04
3.509068919811397791e-04
3.373475046828389168e-04
3.487937210593372583e-04
3.677238128148019314e-04
3.560098703019320965e-04
3.708504373207688332e-04
3.487326612230390310e-04
3.491173847578465939e-04
3.474600962363183498e-04
3.376385720912367105e-04
3.425824397709220648e-04
3.400994755793362856e-04
3.545258659869432449e-04
3.492385149002075195e-04
3.418397391214966774e-04
3.694375918712466955e-04
4.053234006278216839e-04
3.673048340715467930e-04
3.432233352214097977e-04
3.466751077212393284e-04
3.456912818364799023e-04
3.396053507458418608e-04
3.691294987220317125e-04
3.524132480379194021e-04
3.664915275294333696e-04
3.503581974655389786e-04
3.614031011238694191e-04
3.506543289404362440e-04
3.436697006691247225e-04
3.474791883490979671e-04
3.393189981579780579e-04
3.642169467639178038e-04
3.435295657254755497e-04
3.396502870600670576e-04
3.524155181366950274e-04
3.515440621413290501e-04
3.647250996436923742e-04
3.483080363366752863e-04
3.509756352286785841e-04
3.693903563544154167e-04
3.568409592844545841e-04
3.535443975124508142e-04
3.695380000863224268e-04
3.525477950461208820e-04
3.476533747743815184e-04
3.438617568463087082e-04
3.686968702822923660e-04
3.377208486199378967e-04
3.447702911216765642e-04
3.537797892931848764e-04
3.656168410088866949e-04
3.687608987092971802e-04
3.471145464573055506e-04
3.597211616579443216e-04
3.376155509613454342e-04
3.506817447487264872e-04
3.760315594263374805e-04
3.459683211985975504e-04
3.448413626756519079e-04
3.477121936157345772e-04
3.513479605317115784e-04
3.543787170201539993e-04
3.451316151767969131e-04
3.707341093104332685e-04
3.607954713515937328e-04
3.513525880407541990e-04
3.375920350663363934e-04
3.385292657185345888e-04
3.691922756843268871e-04
3.367687750142067671e-04
3.525927895680069923e-04
3.509902453515678644e-04
3.378888359293341637e-04
3.507202491164207458e-04
3.674602194223552942e-04
3.676178166642785072e-04
3.692673344630748034e-04
3.675470943562686443e-04
3.612953587435185909e-04
3.497677971608936787e-04
3.551341069396585226e-04
3.463726607151329517e-04
3.688531869556754827e-04
3.527310036588460207e-04
3.428604104556143284e-04
3.682427923195064068e-04
3.375288215465843678e-04
3.743481647688895464e-04
3.498436999507248402e-04
3.395733656361699104e-04
3.495322307571768761e-04
3.389663761481642723e-04
3.545695799402892590e-04
3.477469726931303740e-04
3.261442470829933882e-04
3.466056077741086483e-04
3.526262589730322361e-04
3.535024879965931177e-04
3.449272771831601858e-04
3.396818647161126137e-04
3.496699209790676832e-04
3.448663046583533287e-04
3.690279263537377119e-04
3.488024522084742785e-04
3.476022393442690372e-04
3.390265919733792543e-04
3.515895514283329248e-04
3.387558099348098040e-04
3.670494188554584980e-04
3.463171306066215038e-04
3.560708137229084969e-04
3.599873743951320648e-04
3.442347224336117506e-04
3.681363887153565884e-04
3.525095235090702772e-04
3.551263362169265747e-04
3.434692625887691975e-04
3.604148223530501127e-04
3.443115274421870708e-04
3.491755342110991478e-04
3.460513835307210684e-04
3.637543122749775648e-04
3.520415630191564560e-04
3.544524952303618193e-04
3.820573620032519102e-04
3.397198161110281944e-04
3.540105244610458612e-04
3.649812424555420876e-04
3.522709303069859743e-04
3.425339236855506897e-04
3.376717504579573870e-04
3.468142240308225155e-04
3.672105376608669758e-04
3.457609855104237795e-04
3.680209047161042690e-04
3.476154524832963943e-04
3.485401684883981943e-04
3.688073775265365839e-04
3.503617481328547001e-04
3.505137574393302202e-04
3.856145776808261871e-04
3.437521518208086491e-04
3.477956634014844894e-04
3.655649197753518820e-04
3.387951583135873079e-04
3.669138823170214891e-04
3.348827594891190529e-04
3.409446508157998323e-04
3.351866616867482662e-04
3.572422428987920284e-04
3.691118035931140184e-04
3.480075392872095108e-04
3.480125160422176123e-04
3.603035293053835630e-04
3.628397826105356216e-04
3.515388525556772947e-04
3.553845162969082594e-04
3.550278197508305311e-04
3.521071339491754770e-04
3.387989418115466833e-04
3.450796357356011868e-04
3.426871262490749359e-04
3.511421673465520144e-04
3.713666810654103756e-04
3.663174866233021021e-04
3.505731874611228704e-04
3.696589265018701553e-04
3.552929265424609184e-04
3.476575948297977448e-04
3.475250268820673227e-04
3.452968376222997904e-04
3.594373119994997978e-04
3.466935304459184408e-04
3.581762721296399832e-04
3.389513585716485977e-04
3.454593243077397346e-04
3.446587943471968174e-04
3.479405131656676531e-04
3.452298406045883894e-04
3.682954120449721813e-04
3.646070254035294056e-04
3.483058244455605745e-04
3.695833729580044746e-04
3.533967828843742609e-04
3.451524535194039345e-04
3.536232688929885626e-04
3.700087836477905512e-04
3.465783374849706888e-04
3.454002144280821085e-04
3.472618991509079933e-04
3.387611359357833862e-04
3.353116335347294807e-04
3.677742206491529942e-04
3.497604338917881250e-04
3.384887531865388155e-04
3.354396903887391090e-04
3.659727517515420914e-04
3.387920150998979807e-04
4.179898824077099562e-04
3.490422095637768507e-04
3.679148503579199314e-04
3.655992622952908278e-04
3.376971289981156588e-04
3.497017314657568932e-04
3.395235689822584391e-04
3.500656166579574347e-04
3.446678456384688616e-04
3.475393168628215790e-04
3.670952864922583103e-04
3.468382928986102343e-04
3.505365457385778427e-04
3.489129594527184963e-04
3.552410053089261055e-04
3.389182966202497482e-04
3.558627504389733076e-04
3.642040828708559275e-04
3.676532651297748089e-04
3.878404968418180943e-04
3.431303775869309902e-04
3.549544489942491055e-04
3.503458865452557802e-04
3.602076612878590822e-04
3.518945304676890373e-04
3.379727422725409269e-04
3.382678260095417500e-04
3.644561802502721548e-04
3.524826315697282553e-04
3.577659954316914082e-04
3.482714528217911720e-04
3.378709661774337292e-04
3.393644001334905624e-04
3.541577316354960203e-04
3.486449422780424356e-04
3.486577188596129417e-04
3.470797964837402105e-04
3.353852371219545603e-04
3.463377361185848713e-04
3.471588424872606993e-04
3.775987715926021338e-04
3.457975108176469803e-04
3.668403078336268663e-04
3.532328119035810232e-04
3.457066486589610577e-04
3.543150669429451227e-04
3.450505610089749098e-04
3.487003268674015999e-04
3.386936150491237640e-04
3.636937472037971020e-04
3.497879952192306519e-04
3.543914353940635920e-04
3.521570470184087753e-04
3.526187501847743988e-04
3.397308173589408398e-04
3.533604904077947140e-04
3.388723416719585657e-04
3.547076194081455469e-04
3.375422966200858355e-04
3.394766245037317276e-04
3.572213463485240936e-04
3.704025002662092447e-04
3.537226875778287649e-04
3.324252029415220022e-04
3.795438678935170174e-04
3.383574075996875763e-04
3.458254795987159014e-04
3.586078237276524305e-04
3.393762453924864531e-04
3.424459428060799837e-04
3.656242624856531620e-04
3.459929721429944038e-04
3.475676057860255241e-04
3.479981096461415291e-04
3.662796807475388050e-04
3.501639585010707378e-04
3.486879286356270313e-04
3.470802912488579750e-04
3.495798446238040924e-04
3.631279687397181988e-04
3.543901257216930389e-04
3.388679760973900557e-04
3.392531652934849262e-04
3.389506891835480928e-04
3.661035734694451094e-04
3.444554167799651623e-04
3.497169527690857649e-04
3.480463929008692503e-04
3.407522744964808226e-04
3.479503793641924858e-04
3.679402871057391167e-04
3.453791432548314333e-04
3.649807185865938663e-04
3.504478372633457184e-04
3.392537182662636042e-04
3.521202015690505505e-04
3.513379779178649187e-04
3.554023278411477804e-04
3.524088824633508921e-04
3.460876760073006153e-04
3.673144383355975151e-04
3.388644545339047909e-04
3.426662296988070011e-04
3.391499340068548918e-04
3.671243612188845873e-04
3.559489268809556961e-04
3.383352013770490885e-04
3.476399288047105074e-04
3.397416148800402880e-04
3.393007500562816858e-04
3.434465616010129452e-04
3.516251163091510534e-04
3.466111666057258844e-04
3.509118105284869671e-04
3.414436941966414452e-04
3.540281613823026419e-04
3.375145315658301115e-04
3.494722768664360046e-04
3.499638987705111504e-04
3.584545047488063574e-04
3.653042949736118317e-04
3.462643362581729889e-04
3.513596311677247286e-04
3.478270664345473051e-04
3.379428526386618614e-04
3.473571559879928827e-04
3.472903918009251356e-04
3.385072341188788414e-04
3.479430743027478456e-04
3.356843662913888693e-04
3.526577202137559652e-04
3.690433513838797808e-04
3.488080110400915146e-04
3.498769365251064301e-04
3.449861251283437014e-04
3.378490800969302654e-04
3.358198155183345079e-04
3.469843941275030375e-04
3.539184981491416693e-04
3.698134387377649546e-04
3.448544302955269814e-04
3.447524795774370432e-04
3.390495548956096172e-04
3.700903034768998623e-04
3.472188836894929409e-04
3.606172103900462389e-04
3.480529703665524721e-04
3.470531664788722992e-04
3.517974691931158304e-04
3.329152241349220276e-04
3.372668870724737644e-04
3.496308345347642899e-04
3.599095798563212156e-04
3.621757205110043287e-04
3.582668723538517952e-04
3.545942017808556557e-04
3.425907634664326906e-04
3.534540010150521994e-04
3.491423267405480146e-04
3.568074025679379702e-04
3.469479270279407501e-04
3.393344813957810402e-04
3.498377045616507530e-04
3.539866593200713396e-04
3.338896494824439287e-04
3.505442873574793339e-04
3.470300580374896526e-04
3.397182445041835308e-04
3.635502071119844913e-04
3.432034864090383053e-04
3.367366443853825331e-04
3.390746132936328650e-04
3.493940457701683044e-04
3.638943599071353674e-04
3.459778963588178158e-04
3.684344992507249117e-04
3.365724114701151848e-04
3.385858435649424791e-04
3.476964775472879410e-04
3.467612259555608034e-04
3.388068289496004581e-04
3.667726996354758739e-04
3.460953303147107363e-04
3.463087195996195078e-04
3.473586984910070896e-04
3.515046264510601759e-04
3.498485311865806580e-04
3.554201975930482149e-04
3.442514862399548292e-04
3.544851788319647312e-04
3.445642360020428896e-04
3.419981512706726789e-04
3.432315716054290533e-04
3.390375641174614429e-04
3.663642855826765299e-04
3.490258823148906231e-04
3.434731625020503998e-04
3.530673857312649488e-04
3.425109898671507835e-04
3.463109896983951330e-04
3.441925509832799435e-04
3.696677158586680889e-04
3.514534037094563246e-04
3.501276660244911909e-04
3.380586858838796616e-04
3.271017340011894703e-04
3.424386959522962570e-04
3.540437319315969944e-04
3.571470442693680525e-04
3.639710776042193174e-04
3.457323764450848103e-04
3.423070302233099937e-04
3.526202926877886057e-04
3.516615834087133408e-04
3.686789132189005613e-04
3.517468867357820272e-04
3.387709730304777622e-04
3.556377778295427561e-04
3.514343989081680775e-04
3.670274163596332073e-04
3.962164919357746840e-04
3.395674866624176502e-04
3.682697424665093422e-04
3.529705572873353958e-04
3.473656834103167057e-04
3.385264135431498289e-04
3.474272671155631542e-04
3.353520587552338839e-04
3.595249727368354797e-04
3.640236682258546352e-04
3.547905362211167812e-04
3.450296062510460615e-04
3.454923571553081274e-04
3.543580241966992617e-04
3.393811930436640978e-04
3.457709681242704391e-04
3.670709847938269377e-04
3.718453226611018181e-04
3.387116885278373957e-04
3.546663501765578985e-04
3.392982471268624067e-04
3.555172588676214218e-04
3.499501908663660288e-04
3.408028569538146257e-04
3.552362031769007444e-04
3.481193853076547384e-04
3.389464691281318665e-04
3.554497670847922564e-04
3.584831429179757833e-04
3.613448934629559517e-04
3.411204379517585039e-04
3.391988866496831179e-04
3.392981307115405798e-04
3.542859340086579323e-04
3.498629375826567411e-04
3.490163362585008144e-04
3.679895016830414534e-04
3.386057505849748850e-04
3.533354029059410095e-04
3.684538241941481829e-04
3.172708675265312195e-04
3.487629292067140341e-04
3.562087367754429579e-04
3.480837331153452396e-04
3.684631956275552511e-04
3.362035786267369986e-04
3.497038269415497780e-04
3.494983247946947813e-04
3.475675766821950674e-04
3.678832727018743753e-04
3.437033738009631634e-04
3.466078778728842735e-04
3.331578045617789030e-04
3.549755783751606941e-04
3.693892795126885176e-04
3.565717779565602541e-04
3.383879375178366899e-04
3.533620038069784641e-04
3.382129943929612637e-04
3.408758202567696571e-04
3.399334673304110765e-04
3.439047432038933039e-04
3.366337914485484362e-04
3.647506237030029297e-04
3.371533821336925030e-04
3.532208502292633057e-04
3.505027852952480316e-04
3.443915047682821751e-04
3.463416069280356169e-04
3.491624083835631609e-04
3.713116457220166922e-04
3.377055691089481115e-04
3.551210684236139059e-04
3.517822187859565020e-04
3.447032941039651632e-04
3.604759695008397102e-04
3.561709600035101175e-04
3.470793890301138163e-04
3.464058681856840849e-04
3.694356710184365511e-04
3.460576699580997229e-04
3.710265154950320721e-04
3.656278422567993402e-04
3.627816331572830677e-04
3.644176467787474394e-04
3.651481820270419121e-04
3.461659071035683155e-04
3.387203323654830456e-04
3.425287723075598478e-04
3.688732685986906290e-04
3.341810079291462898e-04
3.588491526897996664e-04
3.622224321588873863e-04
3.511079412419348955e-04
3.694471961352974176e-04
3.430414071772247553e-04
3.514020354487001896e-04
3.477886202745139599e-04
3.477662394288927317e-04
3.635702014435082674e-04
3.371761995367705822e-04
3.541795595083385706e-04
3.546364896465092897e-04
3.391287173144519329e-04
3.360239497851580381e-04
3.599594929255545139e-04
3.461153537500649691e-04
3.438477288000285625e-04
3.527483204379677773e-04
3.682897076942026615e-04
3.677256172522902489e-04
3.519455494824796915e-04
3.367832396179437637e-04
3.535639843903481960e-04
3.548148379195481539e-04
3.448284696787595749e-04
3.391657664906233549e-04
3.547912347130477428e-04
3.481706662569195032e-04
3.516965953167527914e-04
3.462418389972299337e-04
3.484591725282371044e-04
3.538648015819489956e-04
3.389547928236424923e-04
3.586733946576714516e-04
3.690505691338330507e-04
3.564099606592208147e-04
3.545802319422364235e-04
3.374072257429361343e-04
3.654492320492863655e-04
3.520603349898010492e-04
3.488516085781157017e-04
3.655483305919915438e-04
3.543742059264332056e-04
3.490585950203239918e-04
3.663730167318135500e-04
3.448046045377850533e-04
3.702344256453216076e-04
3.464126493781805038e-04
3.386503085494041443e-04
3.569916298147290945e-04
3.409985511098057032e-04
3.541710611898452044e-04
3.509693779051303864e-04
3.310756874270737171e-04
3.395313106011599302e-04
3.707983705680817366e-04
3.509591333568096161e-04
3.738236846402287483e-04
3.380071721039712429e-04
3.455325495451688766e-04
3.386444295756518841e-04
3.429894568398594856e-04
3.459737345110625029e-04
4.313689714763313532e-04
3.672819293569773436e-04
3.698033979162573814e-04
3.393092483747750521e-04
3.452395612839609385e-04
3.665632102638483047e-04
3.628500271588563919e-04
3.563780337572097778e-04
3.525598731357604265e-04
3.384751325938850641e-04
3.633983142208307981e-04
3.546422231011092663e-04
3.439658030401915312e-04
3.483211330603808165e-04
3.364423464518040419e-04
3.699808439705520868e-04
3.680961672216653824e-04
3.495786513667553663e-04
3.601682547014206648e-04
3.467936767265200615e-04
3.471998206805437803e-04
3.683872055262327194e-04
3.685020783450454473e-04
3.455368860159069300e-04
3.625816025305539370e-04
3.386846219655126333e-04
3.629426937550306320e-04
3.392889339011162519e-04
3.542924241628497839e-04
3.500293241813778877e-04
3.659978683572262526e-04
3.694881743285804987e-04
3.466635243967175484e-04
4.224650328978896141e-04
3.545123618096113205e-04
3.593627770897001028e-04
3.621220530476421118e-04
3.390374768059700727e-04
3.516971191857010126e-04
3.678080393001437187e-04
3.624935925472527742e-04
3.649629361461848021e-04
3.537771117407828569e-04
3.476887359283864498e-04
3.422500158194452524e-04
3.504998749122023582e-04
3.504966734908521175e-04
3.507336077746003866e-04
3.394149534869939089e-04
3.679511428344994783e-04
3.457053680904209614e-04
3.871954977512359619e-04
3.373050421942025423e-04
3.520837053656578064e-04
3.474646073300391436e-04
3.367321041878312826e-04
3.669530269689857960e-04
3.487063513603061438e-04
3.491730603855103254e-04
3.653034800663590431e-04
3.533557464834302664e-04
3.468149225227534771e-04
3.549875109456479549e-04
3.488801303319633007e-04
3.636439505498856306e-04
3.624138771556317806e-04
3.530343819875270128e-04
3.635437751654535532e-04
3.474046534392982721e-04
3.531200636643916368e-04
3.778689424507319927e-04
3.691134334076195955e-04
3.498622681945562363e-04
3.427835472393780947e-04
3.374354855623096228e-04
3.462973691057413816e-04
3.441335575189441442e-04
3.660621005110442638e-04
3.539169265422970057e-04
3.591678978409618139e-04
3.684829280246049166e-04
3.653437888715416193e-04
3.678055363707244396e-04
3.359841939527541399e-04
3.543905040714889765e-04
3.652985615190118551e-04
3.457897400949150324e-04
4.375622083898633718e-04
3.387578180991113186e-04
3.492310061119496822e-04
3.529464593157172203e-04
3.708858857862651348e-04
3.646475088316947222e-04
3.392329381313174963e-04
3.541601181495934725e-04
3.398901026230305433e-04
4.371162794996052980e-04
3.554957220330834389e-04
3.387791803106665611e-04
3.536344156600534916e-04
3.359741531312465668e-04
3.488557413220405579e-04
3.713734913617372513e-04
3.378064429853111506e-04
3.386221069376915693e-04
3.682454407680779696e-04
3.457083075772970915e-04
3.497445723041892052e-04
3.678639768622815609e-04
3.584067744668573141e-04
3.641058283392339945e-04
3.488952643238008022e-04
3.459832805674523115e-04
3.454426187090575695e-04
3.552125126589089632e-04
3.486326895654201508e-04
3.386393364053219557e-04
3.538406745065003633e-04
3.487145586404949427e-04
3.690654702950268984e-04
3.716200299095362425e-04
3.662204253487288952e-04
3.388324403204023838e-04
3.388636105228215456e-04
4.271608486305922270e-04
3.390059864614158869e-04
3.492010291665792465e-04
3.382687282282859087e-04
3.467558417469263077e-04
3.408126067370176315e-04
3.420071152504533529e-04
3.490336530376225710e-04
3.667774435598403215e-04
3.661978116724640131e-04
3.352965577505528927e-04
3.441771841607987881e-04
3.434703103266656399e-04
3.538436430972069502e-04
3.436211845837533474e-04
3.514345735311508179e-04
3.487093199510127306e-04
3.546228108461946249e-04
3.562985511962324381e-04
3.385471063666045666e-04
3.507562796585261822e-04
3.456634876783937216e-04
3.685246629174798727e-04
3.473228425718843937e-04
3.472523821983486414e-04
3.476380661595612764e-04
3.385215240996330976e-04
3.696074418257921934e-04
3.379316476639360189e-04
3.397665277589112520e-04
3.435955150052905083e-04
3.486327186692506075e-04
3.616506583057343960e-04
3.693075850605964661e-04
3.397003747522830963e-04
3.670991281978785992e-04
3.491986135486513376e-04
3.470818628557026386e-04
3.681232337839901447e-04
3.472455427981913090e-04
3.437815466895699501e-04
3.394254308659583330e-04
3.514022391755133867e-04
3.549777029547840357e-04
3.458689025137573481e-04
3.388248442206531763e-04
3.487387439236044884e-04
3.545128856785595417e-04
3.536669246386736631e-04
3.459329309407621622e-04
3.489037335384637117e-04
3.342841228004544973e-04
3.717694780789315701e-04
3.679369110614061356e-04
3.530102840159088373e-04
3.430799697525799274e-04
3.525388310663402081e-04
3.655384061858057976e-04
3.444665635470300913e-04
3.546969965100288391e-04
3.495532728265970945e-04
3.462631138972938061e-04
3.676792548503726721e-04
3.475101548247039318e-04
3.500958555378019810e-04
3.636041365098208189e-04
3.464230103418231010e-04
3.603221557568758726e-04
3.489199443720281124e-04
3.698995860759168863e-04
