3.288091684225946665e-04
3.482984902802854776e-04
4.063683445565402508e-04
3.588884719647467136e-04
3.420083376113325357e-04
3.881492302753031254e-04
3.248807042837142944e-04
3.091869293712079525e-04
3.937804140150547028e-04
3.792351053562015295e-04
3.386880271136760712e-04
3.595845191739499569e-04
4.279989516362547874e-04
3.683357499539852142e-04
3.823555307462811470e-04
3.216315526515245438e-04
3.898422874044626951e-04
3.902216267306357622e-04
3.084247291553765535e-04
3.150388656649738550e-04
4.010284319519996643e-04
3.214504977222532034e-04
3.666014235932379961e-04
4.043259250465780497e-04
3.998667816631495953e-04
3.151827258989214897e-04
3.301238466519862413e-04
3.317259834147989750e-04
3.688157012220472097e-04
3.127181262243539095e-04
3.637943009380251169e-04
4.080881481058895588e-04
2.821185335051268339e-04
3.693759208545088768e-04
2.992176159750670195e-04
3.768876485992223024e-04
3.790266346186399460e-04
3.433782840147614479e-04
2.976983960252255201e-04
3.989064425695687532e-04
2.195541892433539033e-04
3.816726384684443474e-04
3.190443385392427444e-04
3.582847130019217730e-04
3.339858958497643471e-04
3.669826837722212076e-04
3.755911311600357294e-04
3.574017900973558426e-04
3.391055215615779161e-04
2.801869995892047882e-04
4.151712928432971239e-04
3.397087566554546356e-04
3.482812899164855480e-04
3.339568211231380701e-04
3.282303223386406898e-04
3.545946965459734201e-04
3.664374526124447584e-04
3.366203454788774252e-04
4.143714031670242548e-04
3.553783753886818886e-04
2.936863165814429522e-04
3.751523618120700121e-04
2.120966528309509158e-04
3.367902827449142933e-04
3.933522675652056932e-04
3.575418959371745586e-04
2.836996573023498058e-04
3.821646387223154306e-04
3.908316139131784439e-04
3.360124537721276283e-04
3.416390391066670418e-04
4.155397473368793726e-04
3.235004260204732418e-04
3.634468303062021732e-04
4.102485254406929016e-04
3.726758586708456278e-04
3.724536509253084660e-04
4.166294238530099392e-04
4.118092183489352465e-04
2.442466211505234241e-04
3.793851356022059917e-04
4.139106022194027901e-04
3.710236342158168554e-04
2.460314426571130753e-04
3.857643459923565388e-04
3.748141461983323097e-04
3.466461494099348783e-04
3.771176561713218689e-04
2.985406317748129368e-04
3.349834878463298082e-04
3.358541580382734537e-04
3.727268485818058252e-04
3.384097071830183268e-04
3.376869426574558020e-04
3.241940285079181194e-04
3.882972814608365297e-04
3.329800092615187168e-04
3.468430077191442251e-04
3.551684494595974684e-04
2.238624147139489651e-04
3.497226280160248280e-04
3.810435591731220484e-04
3.656760090962052345e-04
3.478704893495887518e-04
2.433256740914657712e-04
2.948179026134312153e-04
3.891920205205678940e-04
3.257176431361585855e-04
3.790775954257696867e-04
3.568809479475021362e-04
3.702372778207063675e-04
3.252800961490720510e-04
3.427382907830178738e-04
3.438161220401525497e-04
3.955719876103103161e-04
1.927456905832514167e-04
3.188176196999847889e-04
3.791174967773258686e-04
3.307817096356302500e-04
3.371624916326254606e-04
3.714055055752396584e-04
4.029847623314708471e-04
3.382181748747825623e-04
3.445622860454022884e-04
3.889356157742440701e-04
3.227060951758176088e-04
4.146005376242101192e-04
4.399661556817591190e-04
3.051878011319786310e-04
3.809585177805274725e-04
3.327824524603784084e-04
3.687207645270973444e-04
3.610120620578527451e-04
3.458209394011646509e-04
3.902082971762865782e-04
3.154589212499558926e-04
4.604386922437697649e-04
3.736175131052732468e-04
3.499837475828826427e-04
3.207937988918274641e-04
4.025439848192036152e-04
3.630595165304839611e-04
2.679488388821482658e-04
4.884438239969313145e-04
3.479258157312870026e-04
3.241993254050612450e-04
3.770792682189494371e-04
3.523003542795777321e-04
3.152874123770743608e-04
3.563384525477886200e-04
1.791264512576162815e-04
3.701723180711269379e-04
3.535266732797026634e-04
3.426939656492322683e-04
3.434861428104341030e-04
3.787881287280470133e-04
3.398542467039078474e-04
3.259813529439270496e-04
3.378536493983119726e-04
3.427590709179639816e-04
3.657339257188141346e-04
3.603529767133295536e-04
4.026375245302915573e-04
3.429655043873935938e-04
2.368869754718616605e-04
3.658229834400117397e-04
3.819826524704694748e-04
3.588189138099551201e-04
3.566989034879952669e-04
4.013110883533954620e-04
3.329260216560214758e-04
3.147851384710520506e-04
3.906479687429964542e-04
3.607821126934140921e-04
3.590034611988812685e-04
3.901353338733315468e-04
3.967101802118122578e-04
4.007669049315154552e-04
3.238934441469609737e-04
3.664204850792884827e-04
3.220676735509186983e-04
3.539691679179668427e-04
3.816049138549715281e-04
3.692246100399643183e-04
3.826781176030635834e-04
3.461332235019654036e-04
3.277930663898587227e-04
3.481634776107966900e-04
3.832789370790123940e-04
2.707234234549105167e-04
2.710720000322908163e-04
3.869158681482076645e-04
3.362126881256699562e-04
3.428923664614558220e-04
3.697401843965053558e-04
3.991530393250286579e-04
3.518980811350047588e-04
3.629012207966297865e-04
4.007747920695692301e-04
3.637290501501411200e-04
3.522489278111606836e-04
2.695324656087905169e-04
3.449265786912292242e-04
3.236215852666646242e-04
3.128547978121787310e-04
3.062687464989721775e-04
3.809972840826958418e-04
3.934536071028560400e-04
3.513092815410345793e-04
3.703645488712936640e-04
3.415386017877608538e-04
3.078352601733058691e-04
3.759510582312941551e-04
3.724294947460293770e-04
3.345710283610969782e-04
2.942400751635432243e-04
3.752082120627164841e-04
3.113517886959016323e-04
4.175168869551271200e-04
3.220700018573552370e-04
3.421739675104618073e-04
3.323862038087099791e-04
2.761297801043838263e-04
3.572665154933929443e-04
4.010103002656251192e-04
3.978108870796859264e-04
3.297690709587186575e-04
3.457673592492938042e-04
3.604974190238863230e-04
3.872837405651807785e-04
3.916846180800348520e-04
3.682191309053450823e-04
2.765787066891789436e-04
4.037634935230016708e-04
4.101336235180497169e-04
3.729055169969797134e-04
3.590229898691177368e-04
3.371725033503025770e-04
3.521800972521305084e-04
3.700917586684226990e-04
2.874419151339679956e-04
3.683142131194472313e-04
3.360150440130382776e-04
3.301717806607484818e-04
3.870236687362194061e-04
3.559075994417071342e-04
3.193322336301207542e-04
3.407331532798707485e-04
4.203630669508129358e-04
3.787092282436788082e-04
3.737526712939143181e-04
3.908593207597732544e-04
3.907810023520141840e-04
4.066460533067584038e-04
4.121762176509946585e-04
3.725328424479812384e-04
3.497314755804836750e-04
3.295424394309520721e-04
3.646690456662327051e-04
5.315195303410291672e-04
3.309983003418892622e-04
3.608213155530393124e-04
3.753103082999587059e-04
3.790366754401475191e-04
3.381627029739320278e-04
3.750746545847505331e-04
3.694905608426779509e-04
3.555908042471855879e-04
3.642366791609674692e-04
3.110886027570813894e-04
3.663266543298959732e-04
3.034193068742752075e-04
3.436306724324822426e-04
3.623997035901993513e-04
3.465313639026135206e-04
3.664631803985685110e-04
3.698534856084734201e-04
3.609025152400135994e-04
3.071833343710750341e-04
4.026841779705137014e-04
3.775150689762085676e-04
3.458696883171796799e-04
2.720342017710208893e-04
3.626243269536644220e-04
4.014917358290404081e-04
4.161176038905978203e-04
3.651749866548925638e-04
3.184068482369184494e-04
4.040203057229518890e-04
3.859451971948146820e-04
3.452372620813548565e-04
2.884838322643190622e-04
2.982341393362730742e-04
3.816603566519916058e-04
3.235452750232070684e-04
3.451213415246456861e-04
3.724665148183703423e-04
3.767480375245213509e-04
3.583518846426159143e-04
3.060168819501996040e-04
3.743239503819495440e-04
3.114296123385429382e-04
3.730491444002836943e-04
3.887393395416438580e-04
4.036579048261046410e-04
2.355558099225163460e-04
3.226196567993611097e-04
3.732650948222726583e-04
3.912147367373108864e-04
3.838075208477675915e-04
3.244207182433456182e-04
3.386188764125108719e-04
3.419302811380475760e-04
3.697011270560324192e-04
4.165652208030223846e-04
3.906469210051000118e-04
3.530672693159431219e-04
2.521058486308902502e-04
3.503508050926029682e-04
3.240607329644262791e-04
3.804183215834200382e-04
1.652099890634417534e-04
3.604583907872438431e-04
3.625343670137226582e-04
3.524172643665224314e-04
2.191611711168661714e-04
3.503638436086475849e-04
3.576723393052816391e-04
3.556554147507995367e-04
3.555055591277778149e-04
3.926544450223445892e-04
3.689110453706234694e-04
3.788082394748926163e-04
3.564137732610106468e-04
3.492734686005860567e-04
3.366834134794771671e-04
3.879824944306164980e-04
3.384636365808546543e-04
3.934690321329981089e-04
3.424403257668018341e-04
3.233136958442628384e-04
3.943784395232796669e-04
3.674943291116505861e-04
3.327743033878505230e-04
3.087812219746410847e-04
3.148687537759542465e-04
2.602938038762658834e-04
3.911599051207304001e-04
3.564128128346055746e-04
2.831592573784291744e-04
2.652724215295165777e-04
3.513524425216019154e-04
2.177707356167957187e-04
3.686278651002794504e-04
3.202234802301973104e-04
3.005811886396259069e-04
3.526773652993142605e-04
3.996807499788701534e-04
3.692930622491985559e-04
3.636314359027892351e-04
3.630110295489430428e-04
3.893021494150161743e-04
3.432187077123671770e-04
3.908117359969764948e-04
3.297692746855318546e-04
3.240483347326517105e-04
3.525314095895737410e-04
3.908246872015297413e-04
3.827569307759404182e-04
3.365971788298338652e-04
2.534644154366105795e-04
3.884592733811587095e-04
3.148322575725615025e-04
3.362180141266435385e-04
3.575398586690425873e-04
3.302489349152892828e-04
3.364369913470000029e-04
3.640023060142993927e-04
3.482170286588370800e-04
2.558237756602466106e-04
3.461033920757472515e-04
3.491909010335803032e-04
3.639911883510649204e-04
3.890958905685693026e-04
3.742451954167336226e-04
3.566730592865496874e-04
4.467898106668144464e-04
3.359500551596283913e-04
3.282440011389553547e-04
3.722435503732413054e-04
4.124525585211813450e-04
4.122627724427729845e-04
2.977830299641937017e-04
3.445998590905219316e-04
3.322826523799449205e-04
3.611136053223162889e-04
3.488723014015704393e-04
3.199501370545476675e-04
3.146158414892852306e-04
1.860962365753948689e-04
3.166006645187735558e-04
3.710357996169477701e-04
3.401375142857432365e-04
2.962628495879471302e-04
2.940380654763430357e-04
3.600714553613215685e-04
3.491620009299367666e-04
3.612123837228864431e-04
3.517412988003343344e-04
3.041352319996803999e-04
3.567757376004010439e-04
3.691589226946234703e-04
3.142798086628317833e-04
3.064403717871755362e-04
3.642894444055855274e-04
3.232447488699108362e-04
3.634542226791381836e-04
3.199789498466998339e-04
3.882324963342398405e-04
3.098305314779281616e-04
3.333459608256816864e-04
3.292918554507195950e-04
3.599680785555392504e-04
3.634674649219959974e-04
2.906661829911172390e-04
3.107977681793272495e-04
2.949470654129981995e-04
3.812178329098969698e-04
3.571657289285212755e-04
3.872108645737171173e-04
4.078041820321232080e-04
3.565922961570322514e-04
3.872033557854592800e-04
3.763524000532925129e-04
3.172744181938469410e-04
5.104043520987033844e-04
3.521695907693356276e-04
3.944434574805200100e-04
3.346554876770824194e-04
3.638180787675082684e-04
3.613011213019490242e-04
3.113651764579117298e-04
3.345610457472503185e-04
4.356967692729085684e-04
3.925067139789462090e-04
3.076039138250052929e-04
3.207015979569405317e-04
3.518363519106060266e-04
3.559452306944876909e-04
3.556233423296362162e-04
3.660103539004921913e-04
3.555018338374793530e-04
3.139803884550929070e-04
3.918942529708147049e-04
3.517173172440379858e-04
3.018794523086398840e-04
4.484290548134595156e-04
3.616385511122643948e-04
3.746033471543341875e-04
3.614405868574976921e-04
3.317081718705594540e-04
3.500593302305787802e-04
3.280217933934181929e-04
3.604255907703191042e-04
2.965780731756240129e-04
3.265053092036396265e-04
3.958458837587386370e-04
3.449953801464289427e-04
3.773184434976428747e-04
3.518014564178884029e-04
3.606950340326875448e-04
2.430927270324900746e-04
3.689907316584140062e-04
3.597179311327636242e-04
3.861709847114980221e-04
3.533697163220494986e-04
2.761587093118578196e-04
3.072903200518339872e-04
3.730657335836440325e-04
4.082507803104817867e-04
3.575774899218231440e-04
4.062114167027175426e-04
3.099048335570842028e-04
2.508220204617828131e-04
3.958789748139679432e-04
3.566089435480535030e-04
3.961019392590969801e-04
3.346576995681971312e-04
3.398778499104082584e-04
3.170047129970043898e-04
3.791725321207195520e-04
3.625693789217621088e-04
3.391235659364610910e-04
3.516946162562817335e-04
2.590940857771784067e-04
3.586213279049843550e-04
6.081082392483949661e-04
3.345520817674696445e-04
3.324669669382274151e-04
3.483263426460325718e-04
3.172469732817262411e-04
3.699602093547582626e-04
3.649501304607838392e-04
3.310940810479223728e-04
3.410458448342978954e-04
3.318516537547111511e-04
3.594506706576794386e-04
3.632946463767439127e-04
4.085648106411099434e-04
3.764562425203621387e-04
3.063849580939859152e-04
4.105030093342065811e-04
3.355417866259813309e-04
3.374171210452914238e-04
3.539080789778381586e-04
2.656911092344671488e-04
3.897678398061543703e-04
3.337546368129551411e-04
3.342148556839674711e-04
3.795001539401710033e-04
3.476197307463735342e-04
3.872586821671575308e-04
4.271141951903700829e-04
3.713970945682376623e-04
3.466743510216474533e-04
3.796363016590476036e-04
3.510474052745848894e-04
3.709961310960352421e-04
3.301271062809973955e-04
3.003491146955639124e-04
3.411422658246010542e-04
3.411684883758425713e-04
3.498230362311005592e-04
3.727175062522292137e-04
3.762072301469743252e-04
3.021887096110731363e-04
3.642999508883804083e-04
3.946305369026958942e-04
3.829395282082259655e-04
3.571937268134206533e-04
3.607979451771825552e-04
2.351279399590566754e-04
3.702007525134831667e-04
3.536870935931801796e-04
3.880432923324406147e-04
3.538278397172689438e-04
3.579165495466440916e-04
3.868219209834933281e-04
3.713294281624257565e-04
3.596992173697799444e-04
3.183361841365695000e-04
3.369121695868670940e-04
3.166770038660615683e-04
3.818968543782830238e-04
3.158248437102884054e-04
3.405456081964075565e-04
3.056784044019877911e-04
3.427635238040238619e-04
3.790741029661148787e-04
3.647257690317928791e-04
3.736704238690435886e-04
3.355845110490918159e-04
3.987857780884951353e-04
2.980175195261836052e-04
3.611707361415028572e-04
3.428256604820489883e-04
3.757736994884908199e-04
3.425246104598045349e-04
3.070957318414002657e-04
3.464046749286353588e-04
3.855535178445279598e-04
3.528453817125409842e-04
3.442886518314480782e-04
3.608148836065083742e-04
3.213010204490274191e-04
3.402245929464697838e-04
3.329463652335107327e-04
3.421530418563634157e-04
2.821084926836192608e-04
3.740564279723912477e-04
3.646205586846917868e-04
3.721563261933624744e-04
3.588248509913682938e-04
3.872634260915219784e-04
3.632344596553593874e-04
3.648488491307944059e-04
3.734737401828169823e-04
3.770708863157778978e-04
4.074299358762800694e-04
3.578297910280525684e-04
3.953424165956676006e-04
3.697450447361916304e-04
3.704052942339330912e-04
3.587756655178964138e-04
3.729641030076891184e-04
4.062315274495631456e-04
3.891589876729995012e-04
3.415280953049659729e-04
3.959961468353867531e-04
3.060857998207211494e-04
3.887196653522551060e-04
3.806631721090525389e-04
2.165972546208649874e-04
4.162076511420309544e-04
3.176037862431257963e-04
3.173365257680416107e-04
3.441993321757763624e-04
3.542435588315129280e-04
3.403547452762722969e-04
3.617771726567298174e-04
3.600082418415695429e-04
3.838416305370628834e-04
3.576390154194086790e-04
3.303043195046484470e-04
3.003010933753103018e-04
4.281139699742197990e-04
2.750046551227569580e-04
4.145218117628246546e-04
3.744654823094606400e-04
3.412858059164136648e-04
3.055493289139121771e-04
3.027651400770992041e-04
3.227040579076856375e-04
3.514662093948572874e-04
3.432451921980828047e-04
3.224927640985697508e-04
2.926379675045609474e-04
3.636538167484104633e-04
3.424062742851674557e-04
3.739729872904717922e-04
3.898480499628931284e-04
2.651257382240146399e-04
3.444030589889734983e-04
3.275123017374426126e-04
2.554232196416705847e-04
4.132009635213762522e-04
2.423295081825926900e-04
3.539177123457193375e-04
3.425183531362563372e-04
3.762515843845903873e-04
3.445725888013839722e-04
3.240323276259005070e-04
3.238610224798321724e-04
3.499373269733041525e-04
3.012799425050616264e-04
3.802127903327345848e-04
3.338363312650471926e-04
3.498719888739287853e-04
3.837005933746695518e-04
3.961895126849412918e-04
3.219257923774421215e-04
4.001073539257049561e-04
3.336551308166235685e-04
2.825608535204082727e-04
3.088843077421188354e-04
3.425959730520844460e-04
3.103859489783644676e-04
3.154430305585265160e-04
3.446500340942293406e-04
3.512160328682512045e-04
4.199933318886905909e-04
3.416377003304660320e-04
3.572660789359360933e-04
3.818988334387540817e-04
3.188183181919157505e-04
4.095532058272510767e-04
3.702602116391062737e-04
3.561366465874016285e-04
3.383855801075696945e-04
3.135851293336600065e-04
3.154443111270666122e-04
4.166930448263883591e-04
3.223203530069440603e-04
3.952732658945024014e-04
3.192525182384997606e-04
3.363992436788976192e-04
3.499115409795194864e-04
2.821185335051268339e-04
3.691821475513279438e-04
3.954296698793768883e-04
3.708609438035637140e-04
3.885818878188729286e-04
3.614926827140152454e-04
3.338606038596481085e-04
3.454124380368739367e-04
3.834495728369802237e-04
4.025178495794534683e-04
3.765927394852042198e-04
2.375633048359304667e-04
3.225166001357138157e-04
3.501861356198787689e-04
3.408584452699869871e-04
3.994207945652306080e-04
3.304710553493350744e-04
3.371263446751981974e-04
3.393300576135516167e-04
3.560105396900326014e-04
3.385671880096197128e-04
3.135960432700812817e-04
3.281357057858258486e-04
3.380874404683709145e-04
3.775423683691769838e-04
3.511077084112912416e-04
3.454698598943650723e-04
3.327148442622274160e-04
3.553041897248476744e-04
2.829945879057049751e-04
3.009506617672741413e-04
3.141932829748839140e-04
3.655619220808148384e-04
3.428241179790347815e-04
3.580975171644240618e-04
1.494158059358596802e-04
2.993164525832980871e-04
3.461753658484667540e-04
3.784626314882189035e-04
3.081426839344203472e-04
2.662830229382961988e-04
3.738282248377799988e-04
3.962513583246618509e-04
3.756279766093939543e-04
3.922924224752932787e-04
2.671226975508034229e-04
3.358906542416661978e-04
3.311097680125385523e-04
2.622486499603837729e-04
3.424966125749051571e-04
3.214382450096309185e-04
3.480032319203019142e-04
2.909094619099050760e-04
3.694064798764884472e-04
3.541065671015530825e-04
3.240637306589633226e-04
3.560919722076505423e-04
2.959000412374734879e-04
3.443518653512001038e-04
3.430598299019038677e-04
3.969335521105676889e-04
3.407140902709215879e-04
3.655116306617856026e-04
3.548383538145571947e-04
3.264914266765117645e-04
3.305538848508149385e-04
3.481275634840130806e-04
3.669298894237726927e-04
3.605904057621955872e-04
3.892193199135363102e-04
3.370348713360726833e-04
3.157265600748360157e-04
3.157188184559345245e-04
3.474247641861438751e-04
2.980620483867824078e-04
3.530156973283737898e-04
2.871114411391317844e-04
3.107330412603914738e-04
3.861853328999131918e-04
3.947822842746973038e-04
3.685202100314199924e-04
3.181124920956790447e-04
3.826948232017457485e-04
3.066839417442679405e-04
3.742570406757295132e-04
3.826574247796088457e-04
3.605622623581439257e-04
3.133200225420296192e-04
3.416197141632437706e-04
3.328261082060635090e-04
3.306420985609292984e-04
3.656582557596266270e-04
3.662631206680089235e-04
3.182571090292185545e-04
3.397075342945754528e-04
3.566670056898146868e-04
3.019684809260070324e-04
3.597498580347746611e-04
3.569118853192776442e-04
2.734516456257551908e-04
3.856254043057560921e-04
3.528868546709418297e-04
3.432524681556969881e-04
3.070374368689954281e-04
3.892310487572103739e-04
3.208687994629144669e-04
3.528821689542382956e-04
2.805347612593322992e-04
3.009878564625978470e-04
3.255392075516283512e-04
3.604859812185168266e-04
3.201916406396776438e-04
2.925464359577745199e-04
3.811139031313359737e-04
3.387545875739306211e-04
4.271179786883294582e-04
4.203672287985682487e-04
3.899377770721912384e-04
3.118100576102733612e-04
3.901566960848867893e-04
3.741197579074651003e-04
3.004975442308932543e-04
3.235830517951399088e-04
3.311662003397941589e-04
3.484220360405743122e-04
3.488548973109573126e-04
2.976368414238095284e-04
4.164616402704268694e-04
3.268924774602055550e-04
4.180652613285928965e-04
3.053595428355038166e-04
3.635442699305713177e-04
3.817305259872227907e-04
3.485615015961229801e-04
3.045525809284299612e-04
3.634990134742110968e-04
3.624320379458367825e-04
3.468829381745308638e-04
3.398467379156500101e-04
3.231719019822776318e-04
3.875079855788499117e-04
3.439767169766128063e-04
3.911391831934452057e-04
3.377279790583997965e-04
3.730935568455606699e-04
3.586416132748126984e-04
3.637107147369533777e-04
3.796428209170699120e-04
3.481116145849227905e-04
2.878425002563744783e-04
3.511494142003357410e-04
3.560097247827798128e-04
3.704821283463388681e-04
3.788407193496823311e-04
2.906124282162636518e-04
4.155517963226884604e-04
3.056004643440246582e-04
3.006744082085788250e-04
3.461635787971317768e-04
3.452977107372134924e-04
2.959294070024043322e-04
3.489444497972726822e-04
3.712282341439276934e-04
3.610475687310099602e-04
3.723370900843292475e-04
2.742675133049488068e-04
3.506171051412820816e-04
3.785857697948813438e-04
3.898781142197549343e-04
3.372716309968382120e-04
2.691886911634355783e-04
3.801028069574385881e-04
3.868201747536659241e-04
3.317820373922586441e-04
3.564401995390653610e-04
3.297270741313695908e-04
3.473872784525156021e-04
3.458522260189056396e-04
2.813227183651179075e-04
2.800540532916784286e-04
3.853024682030081749e-04
2.598734863568097353e-04
3.386830212548375130e-04
3.338897658977657557e-04
4.206059675198048353e-04
3.734929487109184265e-04
3.529037348926067352e-04
2.875106874853372574e-04
3.636878391262143850e-04
2.813110768329352140e-04
3.496570861898362637e-04
3.948504454456269741e-04
3.518942103255540133e-04
3.925156488548964262e-04
3.460039151832461357e-04
3.601324569899588823e-04
3.107184020336717367e-04
3.152473364025354385e-04
3.726951545104384422e-04
3.991288249380886555e-04
2.963439328595995903e-04
3.789140318986028433e-04
4.002948116976767778e-04
3.752326883841305971e-04
3.171180724166333675e-04
3.650970465969294310e-04
4.137622599955648184e-04
3.320251707918941975e-04
3.953493724111467600e-04
3.741401887964457273e-04
3.425541217438876629e-04
3.141767519991844893e-04
2.790715952869504690e-04
3.830733185168355703e-04
3.558028547558933496e-04
3.651331935543566942e-04
3.938956942874938250e-04
3.594351583160459995e-04
3.863016027025878429e-04
3.698386426549404860e-04
3.471381496638059616e-04
3.026719205081462860e-04
2.885043504647910595e-04
3.562354831956326962e-04
3.440548898652195930e-04
3.186533867847174406e-04
3.262715472374111414e-04
3.362033457960933447e-04
3.489535592962056398e-04
3.905495977960526943e-04
3.945479693356901407e-04
3.496534773148596287e-04
3.705829440150409937e-04
3.519259917084127665e-04
3.397388209123164415e-04
3.781242703553289175e-04
3.865628095809370279e-04
3.404339076951146126e-04
3.809824120253324509e-04
4.180177347734570503e-04
4.089130379725247622e-04
3.178085898980498314e-04
3.905693301931023598e-04
3.252207243349403143e-04
3.171249700244516134e-04
3.511518880259245634e-04
3.841846191789954901e-04
3.429478965699672699e-04
4.127576539758592844e-04
3.382969880476593971e-04
3.394191153347492218e-04
3.849718486890196800e-04
3.636508481577038765e-04
3.704048285726457834e-04
2.830871671903878450e-04
3.705912095028907061e-04
3.932764811906963587e-04
3.851171350106596947e-04
3.341344418004155159e-04
3.473690303508192301e-04
3.763695422094315290e-04
3.998626780230551958e-04
3.653383173514157534e-04
3.550727560650557280e-04
3.399092238396406174e-04
2.882791450247168541e-04
3.221885126549750566e-04
3.772165218833833933e-04
2.883897104766219854e-04
3.929336089640855789e-04
3.184346132911741734e-04
2.503572031855583191e-04
3.266933781560510397e-04
4.220665432512760162e-04
3.469686489552259445e-04
3.641813527792692184e-04
2.329239068785682321e-04
3.751783224288374186e-04
3.368500911165028811e-04
3.160235355608165264e-04
4.041750216856598854e-04
3.445314359851181507e-04
3.536841832101345062e-04
3.737009828910231590e-04
3.861981967929750681e-04
3.378578403498977423e-04
3.463960019871592522e-04
3.150299889966845512e-04
3.955345891881734133e-04
3.885551996063441038e-04
3.794312069658190012e-04
3.523899358697235584e-04
3.056887362617999315e-04
3.818873665295541286e-04
3.350542101543396711e-04
3.737390798050910234e-04
3.338498354423791170e-04
3.553628339432179928e-04
3.335253568366169930e-04
3.553104761522263288e-04
3.695877385325729847e-04
3.299814998172223568e-04
3.378483525011688471e-04
4.446595266927033663e-04
2.824038965627551079e-04
3.705901908688247204e-04
3.166164970025420189e-04
3.046224883291870356e-04
3.723596455529332161e-04
2.330095012439414859e-04
3.141411580145359039e-04
2.987977932207286358e-04
3.056588466279208660e-04
3.836900577880442142e-04
3.368939505890011787e-04
3.214563184883445501e-04
4.015450249426066875e-04
3.848567721433937550e-04
3.766311274375766516e-04
3.554433933459222317e-04
3.282444959040731192e-04
3.893931570928543806e-04
3.322768607176840305e-04
4.582456895150244236e-04
3.151718701701611280e-04
3.711557073984295130e-04
2.876936632674187422e-04
3.571459965314716101e-04
3.826720349024981260e-04
3.136767772957682610e-04
4.044952802360057831e-04
3.679986402858048677e-04
3.168780531268566847e-04
3.532435803208500147e-04
3.775270306505262852e-04
3.719766682479530573e-04
3.568651736713945866e-04
4.006407980341464281e-04
3.061214811168611050e-04
4.209686012472957373e-04
3.538457967806607485e-04
3.323505225125700235e-04
2.978660049848258495e-04
2.847925934474915266e-04
3.831888607237488031e-04
2.968141052406281233e-04
3.755306825041770935e-04
3.271069726906716824e-04
3.753183700609952211e-04
2.966148895211517811e-04
3.676655178423970938e-04
3.387201577425003052e-04
3.596475289668887854e-04
3.135932493023574352e-04
3.656249318737536669e-04
3.756841470021754503e-04
3.614033921621739864e-04
3.711639146786183119e-04
3.709912416525185108e-04
3.730074968189001083e-04
3.891795640811324120e-04
3.275766212027519941e-04
4.105784173589199781e-04
3.325016878079622984e-04
3.931898099835962057e-04
3.131301782559603453e-04
4.678447439800947905e-04
3.150674165226519108e-04
2.864108828362077475e-04
3.824382438324391842e-04
3.922067990060895681e-04
3.961540351156145334e-04
3.554208087734878063e-04
3.701307869050651789e-04
3.388043260201811790e-04
3.682235546875745058e-04
3.670171427074819803e-04
3.870254731737077236e-04
3.307807783130556345e-04
5.099869449622929096e-04
2.785706892609596252e-04
3.517030272632837296e-04
3.690209996420890093e-04
3.892000531777739525e-04
3.615850291680544615e-04
3.271687892265617847e-04
3.529764653649181128e-04
3.604009980335831642e-04
2.832547470461577177e-04
3.526358050294220448e-04
3.770011826418340206e-04
3.237882629036903381e-04
3.294201451353728771e-04
3.093323030043393373e-04
4.028075200039893389e-04
3.498489677440375090e-04
3.828594926744699478e-04
3.267257416155189276e-04
3.809234767686575651e-04
3.331709885969758034e-04
3.651054576039314270e-04
3.783878346439450979e-04
3.025039623025804758e-04
3.468528448138386011e-04
3.954879939556121826e-04
4.215725930407643318e-04
3.734869533218443394e-04
2.971988578792661428e-04
3.477771242614835501e-04
3.298806550446897745e-04
3.797823446802794933e-04
3.823734587058424950e-04
3.506554639898240566e-04
3.893419925589114428e-04
3.809961490333080292e-04
3.381369460839778185e-04
3.276664065197110176e-04
3.810283960774540901e-04
3.516249125823378563e-04
3.045928897336125374e-04
3.147034149151295424e-04
3.133295103907585144e-04
3.426857001613825560e-04
3.800876438617706299e-04
4.063451779074966908e-04
3.923212934751063585e-04
4.049336421303451061e-04
2.656372380442917347e-04
3.528227098286151886e-04
3.216019540559500456e-04
3.382428840268403292e-04
3.791667695622891188e-04
3.598440089263021946e-04
3.057325375266373158e-04
3.341152623761445284e-04
3.771473711822181940e-04
3.055981651414185762e-04
3.301518445368856192e-04
3.373423533048480749e-04
3.612854925449937582e-04
3.319436509627848864e-04
3.080530441366136074e-04
3.838140401057898998e-04
3.561511693987995386e-04
3.108641249127686024e-04
3.145604568999260664e-04
3.452655510045588017e-04
3.752166230697184801e-04
5.293892463669180870e-04
3.819097764790058136e-04
3.603866207413375378e-04
2.454550995025783777e-04
3.506755747366696596e-04
3.225188120268285275e-04
3.207961563020944595e-04
3.910337691195309162e-04
3.927696379832923412e-04
3.554568102117627859e-04
2.827137650456279516e-04
2.037173107964918017e-04
2.863875124603509903e-04
3.676548658404499292e-04
3.552960115484893322e-04
3.597066970542073250e-04
3.005638136528432369e-04
3.554709255695343018e-04
3.844354359898716211e-04
3.569935506675392389e-04
3.810946946032345295e-04
3.036218986380845308e-04
3.744362038560211658e-04
3.453947429079562426e-04
3.500147431623190641e-04
2.561330911703407764e-04
3.631500003393739462e-04
3.642397641669958830e-04
3.817420511040836573e-04
3.389912017155438662e-04
3.581464407034218311e-04
3.273234469816088676e-04
3.637810877989977598e-04
3.409635683055967093e-04
3.653448075056076050e-04
3.336401423439383507e-04
3.620984498411417007e-04
3.673756727948784828e-04
3.212729352526366711e-04
3.514288109727203846e-04
3.613526641856878996e-04
3.945784410461783409e-04
3.941510803997516632e-04
3.678640932776033878e-04
3.651282750070095062e-04
3.357859386596828699e-04
4.124727274756878614e-04
3.455282421782612801e-04
4.014803853351622820e-04
3.458723076619207859e-04
3.672004095278680325e-04
2.937388198915868998e-04
3.541202750056982040e-04
4.089014837518334389e-04
3.415037645027041435e-04
3.981966583523899317e-04
3.694282204378396273e-04
3.697838983498513699e-04
3.683225077111274004e-04
3.097053267993032932e-04
4.104053950868546963e-04
3.507954243104904890e-04
3.299875534139573574e-04
3.464820620138198137e-04
3.512536641210317612e-04
3.774944052565842867e-04
3.037768765352666378e-04
4.074594762641936541e-04
4.189167229924350977e-04
4.111538291908800602e-04
3.266225103288888931e-04
3.553666465450078249e-04
3.787665627896785736e-04
3.671344602480530739e-04
3.684379626065492630e-04
3.739003732334822416e-04
3.018256102222949266e-04
3.465858462732285261e-04
3.671798331197351217e-04
3.932068357244133949e-04
3.124120412394404411e-04
3.725753049366176128e-04
3.754943900275975466e-04
3.568855463527143002e-04
3.181605716235935688e-04
2.903429558500647545e-04
3.149191616103053093e-04
3.666279662866145372e-04
2.900812542065978050e-04
3.717138897627592087e-04
2.539218403398990631e-04
3.572296118363738060e-04
3.829716588370501995e-04
3.962993214372545481e-04
3.002336015924811363e-04
3.585006052162498236e-04
3.730068856384605169e-04
3.640175273176282644e-04
3.270060115028172731e-04
3.698144282680004835e-04
3.703058755490928888e-04
3.335575456731021404e-04
3.475769772194325924e-04
4.024733498226851225e-04
3.249968285672366619e-04
3.523364430293440819e-04
3.816692333202809095e-04
2.659648307599127293e-04
3.402862057555466890e-04
3.220036160200834274e-04
3.530122048687189817e-04
3.285044513177126646e-04
3.568328393157571554e-04
3.600015770643949509e-04
3.257162170484662056e-04
3.220169455744326115e-04
2.454044879414141178e-04
3.805181186180561781e-04
3.504639316815882921e-04
3.611794672906398773e-04
3.841984143946319818e-04
3.961080219596624374e-04
3.735870122909545898e-04
3.954965795855969191e-04
2.904603898059576750e-04
3.208184789400547743e-04
3.182775399181991816e-04
3.464827896095812321e-04
3.152601129841059446e-04
3.405349270906299353e-04
3.769961185753345490e-04
3.328590246383100748e-04
3.484055050648748875e-04
3.934709238819777966e-04
3.059498849324882030e-04
3.002085431944578886e-04
3.971483092755079269e-04
3.387934702914208174e-04
3.535746363922953606e-04
3.680703230202198029e-04
3.355774388182908297e-04
3.037041751667857170e-04
3.301004471722990274e-04
3.473208926152437925e-04
3.973499115090817213e-04
3.538143937475979328e-04
3.728810697793960571e-04
3.333269269205629826e-04
3.339047252666205168e-04
2.913361822720617056e-04
3.533267590682953596e-04
3.860349534079432487e-04
3.403396112844347954e-04
3.697485080920159817e-04
2.994176757056266069e-04
3.583176294341683388e-04
3.535766736604273319e-04
4.053197044413536787e-04
3.107132797595113516e-04
3.772395721171051264e-04
2.660203608684241772e-04
3.631369327194988728e-04
3.047655336558818817e-04
3.467725182417780161e-04
3.444676403887569904e-04
3.819969424512237310e-04
3.540184989105910063e-04
3.895171976182609797e-04
3.148802497889846563e-04
2.965729509014636278e-04
3.880047879647463560e-04
3.907971840817481279e-04
4.093194729648530483e-04
4.028166877105832100e-04
3.446555056143552065e-04
3.184885135851800442e-04
3.806123568210750818e-04
1.917833142215386033e-04
3.493566473480314016e-04
3.745798021554946899e-04
3.381941060069948435e-04
3.807980101555585861e-04
3.519179590512067080e-04
3.425190225243568420e-04
3.949058009311556816e-04
3.353052306920289993e-04
3.340436669532209635e-04
3.531639522407203913e-04
3.446175251156091690e-04
2.946033782791346312e-04
3.974774444941431284e-04
3.258716315031051636e-04
3.549779357854276896e-04
3.969201643485575914e-04
3.278595977462828159e-04
3.831585927400738001e-04
3.372366772964596748e-04
3.889903600793331861e-04
3.308631421532481909e-04
3.699828521348536015e-04
2.962389553431421518e-04
3.617060428950935602e-04
3.597429604269564152e-04
3.520656609907746315e-04
3.572314453776925802e-04
3.842482110485434532e-04
3.734407946467399597e-04
3.045038029085844755e-04
3.818225231952965260e-04
3.627380647230893373e-04
3.590674023143947124e-04
4.904463421553373337e-04
4.171042819507420063e-04
3.275344497524201870e-04
3.645993128884583712e-04
4.035197780467569828e-04
3.152573190163820982e-04
4.333879332989454269e-04
3.988514945376664400e-04
3.218199126422405243e-04
3.636219480540603399e-04
3.868867352139204741e-04
2.955110103357583284e-04
3.463522298261523247e-04
4.424056387506425381e-04
2.687099040485918522e-04
3.382176801096647978e-04
3.185748646501451731e-04
3.992366255261003971e-04
3.599675255827605724e-04
3.404805902391672134e-04
3.737038350664079189e-04
3.335741639602929354e-04
3.507684159558266401e-04
3.259613877162337303e-04
3.254152252338826656e-04
4.102149687241762877e-04
4.771129461005330086e-04
3.510733076836913824e-04
3.408365591894835234e-04
3.718431689776480198e-04
2.606194175314158201e-04
3.458379360381513834e-04
3.973853308707475662e-04
3.775106742978096008e-04
3.735272912308573723e-04
3.430495562497526407e-04
3.824304149020463228e-04
4.030725685879588127e-04
2.846321440301835537e-04
3.226764965802431107e-04
3.737947845365852118e-04
3.438872518017888069e-04
3.727373259607702494e-04
4.219679103698581457e-04
3.320884134154766798e-04
4.921028739772737026e-04
3.234480100218206644e-04
3.678032080642879009e-04
3.415232058614492416e-04
3.063772455789148808e-04
4.083380335941910744e-04
4.031273711007088423e-04
3.532020200509577990e-04
3.990794066339731216e-04
3.879486466757953167e-04
3.478292492218315601e-04
3.466953639872372150e-04
3.807359025813639164e-04
3.512034891173243523e-04
3.908515791408717632e-04
3.086051729042083025e-04
3.399706329219043255e-04
3.596715105231851339e-04
3.655198961496353149e-04
3.379555419087409973e-04
3.515899006742984056e-04
3.448494535405188799e-04
3.652041486930102110e-04
3.166094538755714893e-04
3.587347746361047029e-04
3.929960948880761862e-04
3.278651274740695953e-04
3.636781475506722927e-04
3.441860026214271784e-04
3.905685152858495712e-04
2.535359235480427742e-04
3.597635077312588692e-04
4.126403946429491043e-04
3.584136720746755600e-04
3.936032589990645647e-04
2.914658107329159975e-04
3.811001952271908522e-04
3.864244208671152592e-04
3.187265538144856691e-04
3.281064855400472879e-04
3.467846836429089308e-04
4.109881410840898752e-04
2.354243188165128231e-04
3.860248834826052189e-04
2.911910996772348881e-04
3.349649196024984121e-04
3.374341758899390697e-04
3.678624343592673540e-04
3.492445102892816067e-04
3.941304166801273823e-04
3.801002749241888523e-04
3.850633802358061075e-04
3.975670842919498682e-04
3.610475978348404169e-04
3.275999915786087513e-04
3.768471069633960724e-04
3.918185539077967405e-04
3.476699930615723133e-04
3.243012761231511831e-04
4.122685641050338745e-04
2.914475335273891687e-04
4.048456612508744001e-04
3.774008073378354311e-04
3.163706860505044460e-04
4.068163689225912094e-04
3.851764195133000612e-04
3.589841071516275406e-04
3.531857219059020281e-04
3.575217560864984989e-04
3.053839900530874729e-04
3.128261014353483915e-04
4.197849193587899208e-04
3.207320987712591887e-04
3.654302272479981184e-04
3.055181587114930153e-04
4.010067204944789410e-04
3.515569260343909264e-04
2.917114179581403732e-04
3.643556265160441399e-04
3.115932631772011518e-04
3.612350265029817820e-04
4.204781434964388609e-04
3.924746415577828884e-04
3.956037980969995260e-04
3.189876733813434839e-04
3.731227770913392305e-04
3.499626764096319675e-04
3.824182786047458649e-04
2.858330553863197565e-04
3.662469680421054363e-04
3.342133131809532642e-04
3.759128157980740070e-04
4.120093362871557474e-04
3.201942017767578363e-04
4.179096431471407413e-04
3.551194677129387856e-04
3.209048882126808167e-04
4.110747831873595715e-04
3.563401114661246538e-04
3.628044214565306902e-04
3.482476749923080206e-04
3.199456550646573305e-04
4.018589970655739307e-04
3.303631674498319626e-04
3.523151972331106663e-04
2.826813724823296070e-04
3.824752348009496927e-04
3.493526019155979156e-04
3.713131300173699856e-04
3.465238551143556833e-04
3.926477511413395405e-04
2.922651474364101887e-04
2.987961343023926020e-04
3.554847207851707935e-04
3.459876170381903648e-04
2.876748039852827787e-04
3.240406513214111328e-04
3.246584383305162191e-04
3.446499758865684271e-04
3.883502504322677851e-04
3.565422375686466694e-04
3.161275526508688927e-04
3.117774322163313627e-04
4.101383965462446213e-04
3.624923410825431347e-04
4.088599816896021366e-04
3.098368761129677296e-04
4.091384180355817080e-04
3.139229665976017714e-04
4.009315161965787411e-04
2.979745331685990095e-04
3.893904213327914476e-04
3.196456236764788628e-04
4.012035496998578310e-04
3.689401492010802031e-04
4.060203209519386292e-04
4.004252841696143150e-04
3.892272361554205418e-04
3.553008136805146933e-04
3.154927690047770739e-04
2.667655935510993004e-04
3.516106226015836000e-04
4.060032370034605265e-04
2.773675951175391674e-04
3.267733263783156872e-04
3.594254958443343639e-04
3.878275456372648478e-04
3.468594222795218229e-04
3.347490564920008183e-04
4.022414796054363251e-04
2.850099408533424139e-04
3.467096539679914713e-04
3.466326161287724972e-04
3.796092350967228413e-04
3.322814009152352810e-04
3.192799922544509172e-04
3.534550778567790985e-04
3.498010628391057253e-04
3.758305683732032776e-04
4.025007365271449089e-04
3.582679491955786943e-04
3.018736606463789940e-04
3.215310280211269855e-04
3.615329915191978216e-04
3.644234384410083294e-04
3.288912994321435690e-04
3.587010141927748919e-04
2.883119450416415930e-04
3.932917315978556871e-04
3.927663783542811871e-04
3.941768081858754158e-04
3.234366013202816248e-04
3.550084074959158897e-04
3.509019443299621344e-04
3.062414180021733046e-04
3.730733296833932400e-04
3.922968171536922455e-04
3.299852833151817322e-04
4.073438467457890511e-04
3.198060439899563789e-04
3.383295843377709389e-04
3.670831501949578524e-04
3.684565308503806591e-04
3.353431529831141233e-04
3.845708852168172598e-04
3.791495400946587324e-04
3.695336927194148302e-04
3.597568429540842772e-04
3.658280766103416681e-04
3.972779668401926756e-04
3.625745011959224939e-04
3.357838722877204418e-04
3.651613660622388124e-04
3.345230652485042810e-04
3.185089444741606712e-04
3.994787111878395081e-04
3.391770878806710243e-04
2.287682145833969116e-04
3.381742280907928944e-04
3.299924719613045454e-04
3.369865298736840487e-04
2.988858614116907120e-04
3.079032467212527990e-04
4.746263730339705944e-04
3.370338818058371544e-04
3.214874595869332552e-04
3.002210578415542841e-04
3.623182419687509537e-04
3.225153486710041761e-04
2.485427830833941698e-04
3.914670087397098541e-04
3.739397216122597456e-04
3.084410564042627811e-04
3.876493137795478106e-04
3.262693353462964296e-04
3.221244842279702425e-04
3.708895528689026833e-04
3.549949324224144220e-04
3.410773933865129948e-04
3.362029092386364937e-04
3.633455198723822832e-04
3.966456861235201359e-04
3.226756525691598654e-04
3.615215246099978685e-04
3.193234151694923639e-04
3.711110912263393402e-04
3.970072430092841387e-04
3.765832807403057814e-04
3.288022126071155071e-04
3.145859518554061651e-04
3.679153160192072392e-04
3.115973668172955513e-04
3.911595267709344625e-04
3.479067527223378420e-04
4.222318239044398069e-04
3.247601271141320467e-04
3.510180977173149586e-04
3.666170523501932621e-04
3.352585481479763985e-04
3.405407187528908253e-04
4.098305653315037489e-04
3.545290674082934856e-04
3.133592545054852962e-04
3.481094609014689922e-04
3.265730338171124458e-04
3.714495105668902397e-04
3.313982160761952400e-04
4.272427468094974756e-04
3.807080793194472790e-04
3.752353368327021599e-04
3.776945814024657011e-04
3.667220007628202438e-04
3.590138221625238657e-04
3.789330949075520039e-04
3.311745531391352415e-04
3.492108662612736225e-04
3.933214466087520123e-04
3.967761003877967596e-04
4.070186114404350519e-04
3.177251783199608326e-04
3.873723326250910759e-04
3.280652745161205530e-04
3.482568718027323484e-04
3.853946982417255640e-04
3.514259005896747112e-04
3.986652882304042578e-04
3.714437480084598064e-04
3.403627197258174419e-04
2.962031576316803694e-04
3.350188490003347397e-04
3.345510631334036589e-04
3.623099473770707846e-04
3.903023316524922848e-04
3.186606918461620808e-04
3.402807051315903664e-04
3.277402429375797510e-04
3.494639531709253788e-04
4.140360106248408556e-04
3.651721926871687174e-04
3.442872548475861549e-04
3.792255592998117208e-04
2.891707699745893478e-04
3.349396574776619673e-04
3.499319718685001135e-04
3.630387363955378532e-04
3.786823945119976997e-04
3.166617534589022398e-04
3.521452890709042549e-04
2.637733996380120516e-04
3.853421658277511597e-04
4.827147931791841984e-04
3.451712545938789845e-04
4.207828023936599493e-04
3.617875045165419579e-04
2.914364740718156099e-04
3.678933717310428619e-04
3.521773905958980322e-04
3.299840318504720926e-04
3.517104196362197399e-04
4.226992023177444935e-04
3.780087572522461414e-04
2.534066734369844198e-04
3.441965091042220592e-04
3.782431303989142179e-04
2.964223967865109444e-04
2.100866404362022877e-04
3.728533338289707899e-04
3.795691591221839190e-04
3.152379358652979136e-04
3.571381967049092054e-04
3.596715396270155907e-04
2.841237583197653294e-04
3.245466796215623617e-04
3.437858249526470900e-04
3.734792408067733049e-04
3.883549652528017759e-04
3.304628480691462755e-04
4.042690561618655920e-04
2.905538422055542469e-04
3.815263044089078903e-04
3.577354073058813810e-04
4.037964099552482367e-04
2.056797820841893554e-04
3.758172970265150070e-04
2.788606798276305199e-04
2.841409877873957157e-04
3.113234706688672304e-04
3.379895642865449190e-04
3.508313966449350119e-04
3.487390349619090557e-04
3.382778668310493231e-04
3.522622864693403244e-04
3.308273735456168652e-04
3.791463677771389484e-04
3.734796773642301559e-04
3.940817550756037235e-04
3.673784958664327860e-04
3.867748309858143330e-04
3.369186015333980322e-04
3.050608211196959019e-04
3.222276573069393635e-04
3.261392994318157434e-04
3.363373398315161467e-04
3.438718267716467381e-04
3.968953678850084543e-04
3.510666429065167904e-04
3.260583325754851103e-04
2.670789544936269522e-04
3.424487076699733734e-04
3.398629778530448675e-04
2.605910704005509615e-04
3.933790139853954315e-04
3.753315832000225782e-04
2.434823254588991404e-04
3.500353777781128883e-04
2.388152934145182371e-04
2.871437172871083021e-04
2.858432417269796133e-04
3.001771110575646162e-04
3.345598233863711357e-04
3.568948595784604549e-04
3.463234461378306150e-04
3.158248437102884054e-04
3.413878148421645164e-04
3.332169144414365292e-04
3.691920719575136900e-04
3.688697179313749075e-04
3.515125717967748642e-04
3.788897593040019274e-04
3.645882243290543556e-04
3.722802211996167898e-04
3.129018004983663559e-04
3.527285298332571983e-04
3.595126618165522814e-04
3.789336769841611385e-04
3.590582346078008413e-04
3.776935627683997154e-04
3.728156443685293198e-04
2.387849235674366355e-04
3.694604092743247747e-04
3.662305825855582952e-04
3.251786692999303341e-04
4.094521282240748405e-04
3.262050740886479616e-04
3.847066836897283792e-04
1.872927095973864198e-04
3.154294099658727646e-04
2.771551371552050114e-04
4.034769663121551275e-04
2.664043859113007784e-04
3.132494457531720400e-04
3.055348934140056372e-04
3.934706328436732292e-04
3.244667022954672575e-04
4.556793428491801023e-04
3.719764063134789467e-04
2.923699212260544300e-04
3.648334823083132505e-04
3.388469049241393805e-04
3.435270627960562706e-04
3.936775901820510626e-04
3.719578671734780073e-04
4.038414626847952604e-04
3.407142648939043283e-04
3.591817512642592192e-04
3.077365399803966284e-04
3.579377662390470505e-04
2.561330911703407764e-04
3.242313687223941088e-04
2.427351137157529593e-04
3.474939148873090744e-04
4.134420014452189207e-04
3.944679338019341230e-04
3.816544776782393456e-04
3.530961403157562017e-04
4.353493277449160814e-04
3.514369600452482700e-04
3.646920667961239815e-04
2.947635948657989502e-04
3.294181660749018192e-04
3.836429968941956758e-04
3.471177769824862480e-04
2.542860747780650854e-04
3.203281376045197248e-04
3.354278742335736752e-04
3.820095153059810400e-04
3.584501682780683041e-04
3.399826237000524998e-04
4.036001628264784813e-04
4.137431969866156578e-04
3.530835965648293495e-04
3.112715203315019608e-04
3.855052345898002386e-04
3.303214325569570065e-04
3.380026901140809059e-04
3.285608836449682713e-04
3.469074727036058903e-04
3.665327676571905613e-04
4.168585874140262604e-04
4.658889956772327423e-04
3.649744903668761253e-04
3.914739645551890135e-04
3.270513552706688643e-04
3.378152323421090841e-04
3.652975719887763262e-04
3.375034721102565527e-04
3.372611827217042446e-04
3.414591774344444275e-04
3.407111216802150011e-04
3.554233117029070854e-04
2.944539301097393036e-04
3.459322615526616573e-04
2.741088974289596081e-04
3.506662033032625914e-04
3.153726574964821339e-04
3.981695044785737991e-04
3.981441550422459841e-04
3.524416824802756310e-04
3.776574740186333656e-04
3.783761640079319477e-04
3.744295681826770306e-04
3.830266359727829695e-04
3.718450025189667940e-04
3.730995813384652138e-04
3.534925926942378283e-04
3.340341791044920683e-04
3.101750044152140617e-04
3.617816255427896976e-04
3.802526916842907667e-04
3.382990835234522820e-04
3.644871467258781195e-04
3.115739964414387941e-04
3.267428837716579437e-04
3.570690460037440062e-04
3.471948439255356789e-04
3.521387116052210331e-04
3.015070105902850628e-04
3.550188848748803139e-04
3.848821506835520267e-04
3.412178484722971916e-04
3.472692333161830902e-04
3.621778159867972136e-04
3.763770509976893663e-04
3.796848177444189787e-04
3.140735789202153683e-04
3.816099488176405430e-04
3.813703660853207111e-04
3.760824911296367645e-04
3.787456662394106388e-04
3.132888523396104574e-04
3.348339523654431105e-04
3.776054363697767258e-04
3.488592919893562794e-04
3.862231678795069456e-04
2.594224351923912764e-04
3.148361283820122480e-04
2.993460802827030420e-04
3.131388511974364519e-04
3.343239950481802225e-04
3.109630488324910402e-04
3.804855223279446363e-04
3.650183498393744230e-04
3.548506356310099363e-04
3.969452518504112959e-04
3.054068365599960089e-04
3.540098550729453564e-04
3.131214762106537819e-04
3.004747268278151751e-04
3.557561431080102921e-04
3.340471012052148581e-04
3.568215179257094860e-04
4.056936595588922501e-04
2.947030880022794008e-04
3.263130784034729004e-04
4.281465371605008841e-04
3.110027173534035683e-04
3.803073486778885126e-04
3.530211688484996557e-04
3.803570289164781570e-04
3.452603996265679598e-04
3.807422181125730276e-04
3.727043513208627701e-04
3.638011694420129061e-04
3.968277596868574619e-04
3.486817295197397470e-04
3.797811223194003105e-04
4.072286537848412991e-04
3.941345494240522385e-04
3.012483066413551569e-04
3.589007828850299120e-04
3.719831584021449089e-04
3.277866926509886980e-04
4.063924425281584263e-04
4.229400365147739649e-04
3.803081635851413012e-04
4.223647993057966232e-04
3.506620996631681919e-04
3.545133804436773062e-04
3.570825501810759306e-04
3.632680163718760014e-04
5.175684345886111259e-04
3.887658240273594856e-04
3.546981024555861950e-04
3.169912670273333788e-04
3.434072714298963547e-04
3.385562740731984377e-04
3.774602664634585381e-04
3.853798843920230865e-04
2.776765031740069389e-04
2.969195193145424128e-04
3.649580175988376141e-04
3.666366392280906439e-04
3.425789473112672567e-04
3.709638840518891811e-04
3.045960620511323214e-04
3.670314326882362366e-04
3.559417382348328829e-04
3.451282100286334753e-04
3.236552875023335218e-04
3.800179692916572094e-04
2.996478579007089138e-04
3.402256988920271397e-04
3.901146992575377226e-04
4.356345452833920717e-04
3.593630099203437567e-04
3.659728390630334616e-04
3.706787538249045610e-04
3.440823929850012064e-04
3.486553614493459463e-04
3.358407702762633562e-04
3.637492191046476364e-04
3.631789877545088530e-04
3.497139841783791780e-04
2.953807415906339884e-04
3.250248846597969532e-04
3.253403992857784033e-04
3.626701654866337776e-04
3.378769033588469028e-04
3.861853620037436485e-04
1.929646823555231094e-04
3.296456125099211931e-04
3.605209349188953638e-04
2.875401114579290152e-04
3.108474775217473507e-04
3.969506069552153349e-04
3.265078703407198191e-04
3.816328535322099924e-04
3.208498819731175900e-04
3.772784257307648659e-04
3.919579321518540382e-04
4.106814449187368155e-04
3.616786852944642305e-04
3.441108274273574352e-04
3.240479563828557730e-04
3.015354741364717484e-04
4.001262714155018330e-04
3.099242458119988441e-04
4.183675919193774462e-04
2.992051304318010807e-04
3.484045446384698153e-04
3.774708311539143324e-04
3.985388029832392931e-04
3.569151158444583416e-04
3.712575999088585377e-04
3.674219478853046894e-04
4.006866074632853270e-04
2.821449597831815481e-04
3.977942105848342180e-04
4.071792936883866787e-04
3.106413059867918491e-04
3.340380499139428139e-04
3.007154737133532763e-04
3.821200516540557146e-04
3.535560099408030510e-04
3.690944868139922619e-04
3.888806095346808434e-04
3.960195172112435102e-04
3.200840437784790993e-04
3.762223059311509132e-04
3.322077100165188313e-04
3.476795973256230354e-04
3.408977936487644911e-04
3.566343802958726883e-04
4.384288331493735313e-04
3.449108917266130447e-04
3.901908639818429947e-04
3.080943424720317125e-04
3.296243085060268641e-04
3.509718808345496655e-04
3.292642068117856979e-04
3.746262227650731802e-04
3.079727757722139359e-04
3.842703881673514843e-04
3.405009629204869270e-04
3.211580915376543999e-04
4.035784513689577579e-04
3.512542170938104391e-04
3.548719105310738087e-04
4.076390760019421577e-04
3.486475325189530849e-04
3.465305489953607321e-04
3.711761964950710535e-04
3.617457405198365450e-04
2.964189043268561363e-04
3.356194065418094397e-04
3.648177371360361576e-04
3.639300994109362364e-04
3.509251691866666079e-04
3.199247585143893957e-04
3.804952430073171854e-04
3.676537598948925734e-04
3.509603557176887989e-04
3.482486354187130928e-04
3.056188579648733139e-04
3.157219616696238518e-04
3.846960316877812147e-04
3.457390994299203157e-04
4.099934012629091740e-04
2.719425247050821781e-04
3.852643421851098537e-04
3.510139067657291889e-04
3.162793291267007589e-04
3.682845854200422764e-04
3.594966838136315346e-04
3.812508366536349058e-04
3.185451496392488480e-04
3.572008281480520964e-04
3.890266816597431898e-04
3.884883190039545298e-04
3.673503815662115812e-04
3.448793431743979454e-04
3.945022763218730688e-04
3.335882793180644512e-04
3.771551419049501419e-04
3.235813637729734182e-04
1.982976245926693082e-04
3.695666673593223095e-04
2.964361337944865227e-04
3.057759022340178490e-04
3.704135015141218901e-04
3.362753486726433039e-04
3.973193815909326077e-04
3.812792419921606779e-04
2.613414253573864698e-04
3.936876310035586357e-04
3.883102326653897762e-04
3.685353731270879507e-04
3.627161786425858736e-04
3.205089014954864979e-04
3.303434641566127539e-04
3.662597155198454857e-04
4.223825817462056875e-04
3.722104593180119991e-04
3.650861326605081558e-04
3.780991246458142996e-04
3.335848741699010134e-04
3.667697310447692871e-04
4.087456327397376299e-04
2.995888935402035713e-04
3.694098850246518850e-04
3.341511765029281378e-04
4.042725195176899433e-04
3.907762293238192797e-04
3.694143379107117653e-04
3.339292888995260000e-04
3.885664045810699463e-04
2.308605326106771827e-04
3.687777207233011723e-04
3.586617822293192148e-04
3.531617985572665930e-04
3.751084150280803442e-04
3.878773131873458624e-04
4.096296906936913729e-04
3.508421941660344601e-04
3.522647893987596035e-04
3.521846083458513021e-04
3.011352091562002897e-04
3.407585318200290203e-04
3.824319865088909864e-04
3.173419099766761065e-04
3.226182598154991865e-04
3.186003887094557285e-04
3.660927759483456612e-04
3.554189461283385754e-04
3.745171125046908855e-04
3.349229809828102589e-04
3.206111141480505466e-04
3.639467176981270313e-04
3.669360594358295202e-04
3.592273278627544641e-04
3.782154235523194075e-04
3.908456419594585896e-04
3.872828092426061630e-04
3.771623014472424984e-04
3.671533777378499508e-04
3.657763299997895956e-04
3.970412362832576036e-04
4.370387759990990162e-04
2.728201216086745262e-04
4.027297545690089464e-04
3.386173048056662083e-04
3.922717878594994545e-04
3.978742461185902357e-04
3.486450295895338058e-04
3.670809965115040541e-04
3.661343362182378769e-04
3.858449053950607777e-04
3.856721741613000631e-04
3.668982826638966799e-04
3.508680674713104963e-04
3.580792399588972330e-04
3.368881007190793753e-04
3.644303651526570320e-04
3.737576480489224195e-04
3.568163374438881874e-04
3.539398021530359983e-04
3.500211751088500023e-04
3.280804667156189680e-04
4.015076265204697847e-04
2.995512331835925579e-04
3.567522799130529165e-04
3.666237753350287676e-04
3.325102734379470348e-04
3.713386249728500843e-04
3.910865343641489744e-04
3.234772302675992250e-04
3.746813454199582338e-04
3.464492911007255316e-04
3.012249944731593132e-04
3.901953459717333317e-04
3.569246619008481503e-04
3.641245712060481310e-04
3.279991506133228540e-04
3.341260890010744333e-04
3.656467888504266739e-04
3.294448833912611008e-04
3.267987049184739590e-04
3.467354399617761374e-04
3.833957889582961798e-04
3.807695757132023573e-04
3.672386228572577238e-04
3.800654085353016853e-04
3.646189579740166664e-04
3.140782064292579889e-04
3.527821972966194153e-04
4.012019489891827106e-04
3.348661703057587147e-04
3.000120341312140226e-04
3.674002655316144228e-04
2.933569776359945536e-04
3.881728334818035364e-04
4.209136241115629673e-04
3.153858124278485775e-04
3.683315298985689878e-04
3.049628285225480795e-04
3.245911793783307076e-04
3.449519572313874960e-04
3.937540750484913588e-04
3.588339313864707947e-04
3.566848754417151213e-04
3.856820985674858093e-04
3.058256988879293203e-04
3.268342989031225443e-04
2.438180235913023353e-04
3.482328902464359999e-04
3.551868721842765808e-04
3.422128793317824602e-04
3.186981484759598970e-04
3.749988391064107418e-04
3.814833762589842081e-04
3.577379393391311169e-04
4.454060399439185858e-04
3.778910904657095671e-04
2.744057273957878351e-04
3.298854571767151356e-04
3.281664685346186161e-04
3.517820441629737616e-04
3.655069740489125252e-04
3.893896646331995726e-04
3.631610015872865915e-04
3.761296975426375866e-04
3.322096890769898891e-04
3.716296050697565079e-04
3.316129732411354780e-04
3.560213081073015928e-04
4.165084101259708405e-04
3.631382132880389690e-04
4.052565200254321098e-04
3.212748852092772722e-04
3.557565796654671431e-04
3.950188984163105488e-04
3.820591373369097710e-04
3.983242204412817955e-04
4.066964320372790098e-04
3.381182323209941387e-04
3.447408380452543497e-04
2.456040238030254841e-04
3.604339435696601868e-04
3.903262841049581766e-04
3.841012367047369480e-04
3.894487745128571987e-04
3.997154708486050367e-04
4.165936552453786135e-04
3.576253948267549276e-04
3.489429655019193888e-04
3.389836638234555721e-04
3.476021229289472103e-04
3.580752527341246605e-04
3.054646076634526253e-04
3.231331647839397192e-04
3.415289102122187614e-04
4.143971018493175507e-04
3.935096028726547956e-04
2.870822208933532238e-04
3.450070507824420929e-04
3.419870336074382067e-04
3.866711049340665340e-04
3.780064580496400595e-04
3.830685745924711227e-04
4.022602224722504616e-04
3.032853419426828623e-04
2.953513758257031441e-04
3.426631737966090441e-04
3.858674026560038328e-04
3.811136120930314064e-04
3.628437407314777374e-04
3.394405939616262913e-04
3.025652549695223570e-04
3.647794947028160095e-04
3.342083364259451628e-04
3.139339969493448734e-04
4.112212045583873987e-04
3.301921242382377386e-04
2.483087591826915741e-04
3.351884079165756702e-04
3.558236057870090008e-04
3.700244997162371874e-04
3.585899248719215393e-04
3.306049911770969629e-04
3.695199557114392519e-04
3.594036679714918137e-04
3.454988182056695223e-04
3.450106596574187279e-04
3.782824205700308084e-04
3.514491545502096415e-04
3.639367932919412851e-04
3.150981210637837648e-04
3.226681437809020281e-04
3.804801963269710541e-04
5.774006713181734085e-04
3.995524020865559578e-04
4.023106594104319811e-04
3.281993558630347252e-04
3.759035607799887657e-04
3.501743485685437918e-04
3.904093173332512379e-04
3.854110254906117916e-04
2.385336847510188818e-04
3.463024040684103966e-04
3.341859264764934778e-04
3.973802085965871811e-04
3.380441339686512947e-04
3.853908274322748184e-04
3.448536735959351063e-04
2.953687508124858141e-04
3.652490267995744944e-04
2.705523511394858360e-04
3.509198431856930256e-04
3.218135971110314131e-04
3.387274337001144886e-04
3.211419389117509127e-04
3.493732947390526533e-04
3.807028406299650669e-04
3.329948813188821077e-04
3.258444194216281176e-04
3.704608243424445391e-04
4.213295760564506054e-04
3.801948041655123234e-04
3.829166234936565161e-04
3.379819099791347980e-04
3.949843521695584059e-04
3.539062745403498411e-04
4.093814641237258911e-04
3.774559590965509415e-04
3.417372936382889748e-04
3.303582197986543179e-04
3.645911056082695723e-04
2.910399052780121565e-04
1.851916458690539002e-04
3.853507223539054394e-04
3.646191034931689501e-04
2.871264296118170023e-04
3.778950776904821396e-04
2.954076917376369238e-04
3.229673311579972506e-04
3.438718267716467381e-04
4.113783361390233040e-04
3.412716614548116922e-04
3.405034076422452927e-04
4.088663845323026180e-04
4.036467871628701687e-04
2.863853587768971920e-04
3.773370990529656410e-04
3.385139571037143469e-04
3.778453101404011250e-04
3.852259251289069653e-04
2.377045748289674520e-04
3.602985234465450048e-04
3.735528734978288412e-04
2.726836246438324451e-04
3.383530420251190662e-04
3.526181681081652641e-04
3.695702471304684877e-04
3.425360773690044880e-04
3.426545881666243076e-04
3.417367115616798401e-04
3.549928951542824507e-04
3.391958889551460743e-04
3.177649050485342741e-04
3.743254346773028374e-04
4.183975106570869684e-04
4.099717480130493641e-04
3.435894614085555077e-04
3.427414339967072010e-04
3.613252483773976564e-04
4.034409357700496912e-04
3.568998363334685564e-04
4.000810440629720688e-04
3.345303703099489212e-04
3.166863461956381798e-04
5.143505986779928207e-04
4.155783972237259150e-04
3.918474540114402771e-04
3.600195923354476690e-04
3.457301936578005552e-04
3.700789529830217361e-04
4.149929445702582598e-04
3.825695603154599667e-04
3.995650040451437235e-04
4.134190676268190145e-04
2.678057935554534197e-04
3.510932729113847017e-04
2.865339338313788176e-04
3.701669338624924421e-04
2.763269876595586538e-04
3.782400744967162609e-04
3.448094939813017845e-04
4.075457400176674128e-04
3.494177944958209991e-04
3.311311011202633381e-04
3.766360168810933828e-04
2.655684947967529297e-04
3.600585332605987787e-04
3.387526376172900200e-04
3.694346232805401087e-04
3.897761635016649961e-04
3.785982844419777393e-04
3.475972334854304790e-04
3.660141373984515667e-04
3.309797903057187796e-04
3.684024850372225046e-04
3.693621838465332985e-04
3.229506546631455421e-04
3.388401237316429615e-04
3.786070446949452162e-04
3.886110789608210325e-04
3.819280245807021856e-04
3.557786694727838039e-04
3.686139534693211317e-04
3.521640319377183914e-04
3.432666126172989607e-04
3.660467627923935652e-04
3.683071408886462450e-04
3.363734285812824965e-04
3.512753755785524845e-04
3.566818486433476210e-04
3.210185968782752752e-04
4.077086632605642080e-04
3.771503979805856943e-04
3.593699075281620026e-04
3.474109980743378401e-04
3.678393550217151642e-04
3.520941827446222305e-04
3.704988921526819468e-04
3.555152507033199072e-04
3.768883761949837208e-04
4.077442281413823366e-04
4.085533437319099903e-04
3.506450448185205460e-04
2.943076251540333033e-04
3.944314084947109222e-04
3.829952620435506105e-04
3.492617979645729065e-04
3.350492625031620264e-04
3.282842226326465607e-04
4.014820151496678591e-04
3.632024163380265236e-04
3.456555714365094900e-04
3.123041242361068726e-04
3.529889800120145082e-04
3.360816917847841978e-04
3.498523728922009468e-04
3.297813236713409424e-04
3.209510468877851963e-04
3.273062466178089380e-04
2.801197406370192766e-04
3.519150195643305779e-04
3.157678584102541208e-04
3.323220880702137947e-04
3.621571813710033894e-04
3.553998831193894148e-04
3.941790491808205843e-04
3.679279470816254616e-04
3.839891578536480665e-04
3.674143517855554819e-04
3.986822266597300768e-04
3.894871333613991737e-04
2.955015224870294333e-04
3.642578958533704281e-04
3.447560884524136782e-04
3.715591446962207556e-04
3.416235267650336027e-04
3.663348325062543154e-04
3.556081792339682579e-04
4.201085248496383429e-04
3.424354072194546461e-04
3.765247529372572899e-04
3.351257764734327793e-04
3.740530810318887234e-04
3.047363425139337778e-04
3.182803629897534847e-04
3.135458682663738728e-04
3.328267193865031004e-04
2.819502842612564564e-04
1.911872386699542403e-04
3.734513302333652973e-04
3.175671445205807686e-04
3.791906929109245539e-04
4.080916696693748236e-04
3.299673262517899275e-04
3.420070279389619827e-04
3.839785931631922722e-04
3.298726805951446295e-04
4.054102755617350340e-04
3.361745039001107216e-04
2.127104380633682013e-04
3.349371254444122314e-04
3.410414501558989286e-04
3.732133773155510426e-04
3.511507820803672075e-04
2.303640212630853057e-04
3.657100896816700697e-04
3.101803304161876440e-04
3.280434175394475460e-04
3.198477206751704216e-04
3.372973005753010511e-04
4.129042499698698521e-04
3.636774781625717878e-04
3.841323778033256531e-04
3.467233618721365929e-04
3.566962550394237041e-04
3.821650461759418249e-04
3.751800977624952793e-04
3.541911719366908073e-04
3.693805483635514975e-04
4.363241896498948336e-04
4.035234451293945312e-04
3.288925800006836653e-04
3.702007525134831667e-04
3.621384676080197096e-04
3.812978684436529875e-04
3.437895793467760086e-04
4.064748936798423529e-04
3.576565068215131760e-04
3.636906330939382315e-04
4.165508726146072149e-04
3.971000260207802057e-04
3.617816837504506111e-04
3.272067406214773655e-04
3.533184935804456472e-04
3.670132718980312347e-04
3.609926498029381037e-04
3.066716017201542854e-04
3.773285134229809046e-04
3.912321117240935564e-04
3.981083573307842016e-04
3.731245815288275480e-04
3.321887343190610409e-04
3.656419867184013128e-04
3.621525247581303120e-04
3.959228633902966976e-04
4.014305886812508106e-04
3.172920260112732649e-04
3.327449376229196787e-04
2.553540107328444719e-04
3.634330932982265949e-04
3.796996898017823696e-04
4.009632393717765808e-04
3.842805454041808844e-04
3.761071420740336180e-04
3.141552151646465063e-04
3.393735387362539768e-04
3.707293944898992777e-04
3.838718403130769730e-04
5.432192701846361160e-04
3.717383951880037785e-04
3.862002049572765827e-04
3.391866339370608330e-04
3.695480700116604567e-04
2.604417677503079176e-04
3.015139373019337654e-04
3.530781832523643970e-04
3.744252608157694340e-04
3.308807790745049715e-04
3.451976226642727852e-04
4.249217163305729628e-04
3.884394245687872171e-04
3.574046131689101458e-04
3.627609112299978733e-04
3.550235414877533913e-04
3.829996276181191206e-04
3.022963355761021376e-04
3.767282760236412287e-04
2.991724468301981688e-04
3.636887704487890005e-04
3.773958596866577864e-04
3.491174138616770506e-04
3.782172570936381817e-04
3.453009703662246466e-04
3.811291535384953022e-04
3.489803348202258348e-04
3.449185169301927090e-04
3.389916964806616306e-04
3.721232933457940817e-04
3.765463770832866430e-04
3.038454451598227024e-04
3.195432946085929871e-04
3.881501615978777409e-04
3.183112712576985359e-04
3.068639198318123817e-04
4.033320583403110504e-04
3.566605155356228352e-04
4.088340501766651869e-04
3.733958001248538494e-04
3.552106209099292755e-04
4.043948429170995951e-04
3.509041271172463894e-04
3.721668035723268986e-04
3.453064127825200558e-04
3.628882113844156265e-04
3.459613071754574776e-04
3.826472966466099024e-04
3.290304739493876696e-04
3.603015793487429619e-04
2.902820415329188108e-04
3.491175011731684208e-04
3.611040592659264803e-04
3.435851249378174543e-04
3.701849200297147036e-04
3.347691963426768780e-04
3.338649112265557051e-04
2.932401839643716812e-04
2.516905660741031170e-04
3.396253741811960936e-04
3.167207469232380390e-04
3.884015604853630066e-04
3.735919308383017778e-04
3.144636866636574268e-04
3.380893904250115156e-04
3.698249056469649076e-04
3.296518698334693909e-04
3.814486844930797815e-04
2.535417152103036642e-04
3.611551364883780479e-04
3.789806796703487635e-04
3.396737738512456417e-04
4.017812025267630816e-04
3.587023529689759016e-04
3.677466884255409241e-04
3.531668626237660646e-04
3.314749046694487333e-04
3.520694153849035501e-04
2.609087387099862099e-04
3.465136105660349131e-04
3.746027941815555096e-04
3.637126355897635221e-04
3.858345153275877237e-04
3.380849375389516354e-04
3.154560690745711327e-04
3.180160128977149725e-04
3.429164062254130840e-04
3.689572331495583057e-04
3.446444752626121044e-04
3.064012562390416861e-04
3.747003502212464809e-04
2.615335106384009123e-04
3.067216603085398674e-04
3.980233159381896257e-04
3.507866058498620987e-04
2.977524418383836746e-04
3.364829753991216421e-04
3.627612313721328974e-04
3.684863040689378977e-04
3.448820207267999649e-04
4.437771858647465706e-04
3.315235371701419353e-04
2.340298233320936561e-04
3.927058132831007242e-04
2.874823985621333122e-04
3.874272515531629324e-04
4.036530444864183664e-04
3.340525727253407240e-04
3.640079230535775423e-04
3.728767333086580038e-04
3.785473236348479986e-04
3.142746863886713982e-04
3.504962951410561800e-04
3.247885615564882755e-04
3.656126500573009253e-04
3.893472312483936548e-04
1.494158059358596802e-04
3.449257055763155222e-04
1.911675790324807167e-04
3.398090775590389967e-04
3.022699092980474234e-04
3.842246078420430422e-04
3.043700999114662409e-04
3.923873882740736008e-04
3.571647102944552898e-04
3.209518908988684416e-04
3.695447230711579323e-04
3.104632196482270956e-04
2.392255992162972689e-04
3.607544640544801950e-04
3.897510468959808350e-04
3.709463053382933140e-04
3.691628226079046726e-04
3.845111932605504990e-04
3.464040928520262241e-04
3.250424633733928204e-04
2.989791682921350002e-04
3.900133597198873758e-04
2.746077661868184805e-04
3.035257104784250259e-04
3.662888193503022194e-04
3.146976814605295658e-04
3.532869159244000912e-04
3.582077624741941690e-04
4.038124170619994402e-04
3.595171438064426184e-04
3.519225865602493286e-04
3.551346308086067438e-04
3.605414240155369043e-04
2.709716209210455418e-04
3.933751431759446859e-04
3.558080352377146482e-04
3.470994706731289625e-04
3.186096728313714266e-04
3.678283828776329756e-04
3.500877355691045523e-04
2.913075149990618229e-04
3.147388924844563007e-04
3.161767963320016861e-04
4.130499146413058043e-04
3.861683362629264593e-04
3.196363686583936214e-04
3.748997405637055635e-04
3.429701610002666712e-04
3.766761510632932186e-04
3.534514689818024635e-04
3.823124570772051811e-04
3.508396621327847242e-04
3.551577974576503038e-04
4.020912747364491224e-04
3.861054428853094578e-04
2.818128559738397598e-04
3.615659661591053009e-04
2.959635166916996241e-04
4.831566766370087862e-04
3.945071657653898001e-04
3.303677076473832130e-04
3.046357014682143927e-04
3.752395277842879295e-04
3.854982496704906225e-04
3.769233298953622580e-04
3.898686263710260391e-04
3.290521563030779362e-04
2.762438962236046791e-04
3.582150675356388092e-04
3.415049286559224129e-04
3.900125448126345873e-04
3.173889999743551016e-04
3.347379388287663460e-04
3.388912882655858994e-04
3.319663228467106819e-04
3.588919935282319784e-04
3.325150755699723959e-04
3.523551567923277617e-04
3.175671445205807686e-04
3.738148661796003580e-04
2.062916610157117248e-04
5.277097807265818119e-04
3.313085762783885002e-04
2.934514195658266544e-04
3.928291844204068184e-04
3.583576763048768044e-04
3.256130439694970846e-04
2.897167869377881289e-04
3.760139225050806999e-04
2.342226216569542885e-04
3.003209130838513374e-04
2.811586309690028429e-04
3.735736827366054058e-04
3.632352454587817192e-04
3.445253532845526934e-04
4.224019940011203289e-04
3.288495936430990696e-04
3.848296182695776224e-04
3.114802821073681116e-04
3.148040850646793842e-04
3.719866217579692602e-04
3.267550782766193151e-04
3.794621734414249659e-04
3.564685757737606764e-04
3.632137377280741930e-04
3.992733254563063383e-04
3.546059597283601761e-04
3.924431221093982458e-04
3.242818929720669985e-04
3.563359496183693409e-04
3.386649768799543381e-04
3.405791649129241705e-04
4.065530083607882261e-04
3.406082978472113609e-04
3.738416417036205530e-04
3.368325124029070139e-04
3.867018967866897583e-04
3.694535407703369856e-04
3.812368086073547602e-04
3.896051784977316856e-04
3.328529419377446175e-04
3.493389522191137075e-04
3.600310301408171654e-04
3.473585820756852627e-04
3.831714566331356764e-04
3.785858280025422573e-04
2.864300331566482782e-04
3.353629144839942455e-04
3.369690384715795517e-04
3.175671445205807686e-04
3.819660341832786798e-04
3.776274097617715597e-04
3.398248518351465464e-04
3.918010625056922436e-04
3.441947046667337418e-04
3.901025920640677214e-04
3.143513749819248915e-04
3.838567063212394714e-04
3.285829443484544754e-04
3.696700732689350843e-04
3.384608135093003511e-04
4.048274422530084848e-04
4.070414288435131311e-04
2.550795325078070164e-04
3.911441599484533072e-04
3.468225768301635981e-04
4.123394319321960211e-04
2.952239883597940207e-04
3.934423730242997408e-04
3.153289435431361198e-04
3.992501297034323215e-04
3.909103106707334518e-04
3.945960779674351215e-04
3.643709351308643818e-04
3.930591046810150146e-04
3.385443706065416336e-04
5.424395203590393066e-04
3.703684778884053230e-04
3.056887362617999315e-04
3.119088942185044289e-04
3.556461015250533819e-04
3.551677218638360500e-04
3.844350285362452269e-04
4.079072969034314156e-04
3.430003707762807608e-04
3.217222692910581827e-04
3.618196933530271053e-04
3.704665577970445156e-04
3.764270804822444916e-04
3.365741576999425888e-04
3.484758781269192696e-04
3.736421349458396435e-04
3.357839595992118120e-04
3.335369983687996864e-04
3.961746406275779009e-04
3.981783520430326462e-04
3.021863522008061409e-04
3.332023334223777056e-04
4.279619897715747356e-04
3.282664983998984098e-04
3.285720595158636570e-04
3.892039821948856115e-04
3.182054497301578522e-04
3.408764896448701620e-04
3.825151652563363314e-04
3.418616834096610546e-04
3.827663604170084000e-04
3.927443467546254396e-04
3.554430440999567509e-04
3.076211432926356792e-04
3.226182598154991865e-04
3.556443552952259779e-04
3.142387431580573320e-04
3.725286806002259254e-04
3.592238645069301128e-04
3.569638065528124571e-04
4.108545253984630108e-04
3.842707956209778786e-04
3.040451847482472658e-04
3.536006552167236805e-04
3.722337714862078428e-04
3.810079360846430063e-04
