4.663640283979475498e-04
5.969828926026821136e-04
4.208906611893326044e-04
2.656587748788297176e-04
1.853433495853096247e-04
1.712607627268880606e-04
4.370613605715334415e-04
2.634676930028945208e-04
2.644052729010581970e-04
2.495072258170694113e-04
2.414577611489221454e-04
4.025305388495326042e-04
3.931396931875497103e-04
2.908700262196362019e-04
3.152703866362571716e-04
5.494720535352826118e-04
1.322876632912084460e-04
2.167323837056756020e-04
6.049983203411102295e-04
2.194431290263310075e-04
4.504308453761041164e-04
3.869581560138612986e-04
1.298423158004879951e-04
1.150600146502256393e-04
1.442567299818620086e-04
6.509766681119799614e-04
3.807893663179129362e-04
2.496118540875613689e-04
1.494834723416715860e-04
4.442087665665894747e-04
2.631472307257354259e-04
1.109288932639174163e-04
4.924528766423463821e-04
2.263647620566189289e-04
2.477746747899800539e-04
2.732282737269997597e-04
2.806053089443594217e-04
3.720542881637811661e-04
5.486662266775965691e-04
3.100274479947984219e-04
7.127741700969636440e-04
2.144348400179296732e-04
2.363912208238616586e-04
3.002859011758118868e-04
3.481880121398717165e-04
2.834775077644735575e-04
2.289850963279604912e-04
2.416621573502197862e-04
4.788556834682822227e-04
4.362920881249010563e-04
1.766639470588415861e-04
2.848894800990819931e-04
1.980046217795461416e-04
3.340750408824533224e-04
5.362575175240635872e-04
4.403601051308214664e-04
1.900417264550924301e-04
2.745660603977739811e-04
2.998780400957912207e-04
2.802631934173405170e-04
4.386502841953188181e-04
1.593278720974922180e-04
6.579397013410925865e-04
6.947530200704932213e-04
2.819295041263103485e-04
5.492346826940774918e-04
5.036345100961625576e-04
2.737070026341825724e-04
1.898664049804210663e-04
7.525521796196699142e-04
1.520725782029330730e-04
4.690828791353851557e-04
4.109643050469458103e-04
2.273555292049422860e-04
3.361549752298742533e-04
3.899019211530685425e-04
3.655601467471569777e-04
1.656640961300581694e-04
2.239258610643446445e-04
6.643722299486398697e-04
2.631418174132704735e-04
3.235746116843074560e-04
2.818048524204641581e-04
6.372430361807346344e-04
2.386292908340692520e-04
1.051208892022259533e-04
3.838249249383807182e-04
3.600354539230465889e-04
7.705794996581971645e-04
3.173747973050922155e-04
3.535806026775389910e-04
2.288231917191296816e-04
1.821171608753502369e-04
3.932923718821257353e-04
4.223040014039725065e-04
1.082799062714911997e-04
2.637411234900355339e-04
2.528589684516191483e-04
5.105461459606885910e-04
6.782094715163111687e-04
5.355115863494575024e-04
2.546931500546634197e-04
2.664536878000944853e-04
4.790882812812924385e-04
1.248540240339934826e-03
4.791978572029620409e-04
3.330571635160595179e-04
7.610358879901468754e-04
1.867163664428517222e-04
1.371650141663849354e-04
3.318407398182898760e-04
5.741175846196711063e-04
4.256050742696970701e-04
2.045027358690276742e-04
5.199683946557343006e-04
4.789654049091041088e-04
3.051101521123200655e-04
2.985741302836686373e-04
3.370237827766686678e-04
2.456360380165278912e-04
2.545463794376701117e-04
6.440888682845979929e-05
2.382393577136099339e-04
5.749406991526484489e-04
3.994563303422182798e-04
5.063383723609149456e-04
2.697830204851925373e-04
4.028315306641161442e-04
4.424676590133458376e-04
4.442636563908308744e-04
5.472624325193464756e-04
3.399406850803643465e-04
3.239098296035081148e-04
1.847398525569587946e-04
2.769079292193055153e-04
5.208323127590119839e-04
3.846809850074350834e-04
1.715511461952701211e-04
2.621652383822947741e-04
3.778584068641066551e-04
3.339604591019451618e-04
3.614678280428051949e-04
4.527736455202102661e-04
2.420853998046368361e-04
3.193447773810476065e-04
3.609208797570317984e-04
1.197777528432197869e-04
5.393571918830275536e-04
3.589028492569923401e-04
4.675312375184148550e-04
8.415223564952611923e-04
2.889509778469800949e-04
2.488844911567866802e-04
1.132767298258841038e-03
1.543692342238500714e-04
2.991305664181709290e-04
4.145562124904245138e-04
6.899160798639059067e-04
4.291734949219971895e-04
2.779774949885904789e-04
3.988312964793294668e-04
4.830306279473006725e-04
4.074872413184493780e-04
3.751974436454474926e-04
4.375105199869722128e-04
2.241596812382340431e-04
2.263709320686757565e-04
4.280025605112314224e-04
1.716928236419335008e-04
3.876111586578190327e-04
3.248909488320350647e-04
4.642415442503988743e-04
2.410159067949280143e-04
3.082952753175050020e-04
3.379692207090556622e-04
2.641232276801019907e-04
1.904829987324774265e-04
5.148255731910467148e-04
4.159587260801345110e-04
1.588225277373567224e-04
3.910989325959235430e-04
2.671732218004763126e-04
2.373331808485090733e-04
3.628234553616493940e-04
3.656033950392156839e-04
3.655207983683794737e-04
1.359450543532148004e-04
1.370117388432845473e-04
3.645124379545450211e-04
5.756817990913987160e-04
5.250751855783164501e-04
2.821291564032435417e-04
3.021893207915127277e-04
3.484872577246278524e-04
2.549440541770309210e-04
7.478994084522128105e-04
1.877212780527770519e-04
3.632373409345746040e-04
1.694091188255697489e-04
2.270400873385369778e-04
4.666085587814450264e-04
4.493927117437124252e-04
1.833945862017571926e-04
5.550301284529268742e-04
4.177163937129080296e-04
7.841517217457294464e-04
3.690680023282766342e-04
2.879302192013710737e-04
3.000521101057529449e-04
3.230131987947970629e-04
5.536982207559049129e-04
4.557676147669553757e-04
4.828623495995998383e-04
4.664430161938071251e-04
5.233797710388898849e-04
4.908443079330027103e-04
3.591655113268643618e-04
3.932740946765989065e-04
1.128236326621845365e-04
4.299858119338750839e-04
4.063966334797441959e-04
3.190962888766080141e-04
4.093887691851705313e-04
3.839345008600503206e-04
1.298474089708179235e-04
1.649918849579989910e-04
3.287607396487146616e-04
4.778532311320304871e-04
2.572152006905525923e-04
1.805132633307948709e-04
2.594602992758154869e-04
2.677734009921550751e-04
5.159312277100980282e-04
2.032099437201395631e-04
2.352061273995786905e-04
2.462557167746126652e-04
6.125462241470813751e-04
2.216001739725470543e-04
4.667956964112818241e-04
4.159125383011996746e-04
4.688373883254826069e-04
4.518364148680120707e-04
4.696672840509563684e-04
5.499683902598917484e-04
3.305734426248818636e-04
2.086105523630976677e-04
3.001175355166196823e-04
4.154607886448502541e-04
3.454735560808330774e-04
2.161920274375006557e-04
1.498310302849858999e-04
1.945024851011112332e-04
1.458133774576708674e-04
2.271995472256094217e-04
3.047701029572635889e-04
1.922047085827216506e-04
2.694322320166975260e-04
5.271284608170390129e-04
2.778381458483636379e-04
7.293699309229850769e-04
2.875998616218566895e-04
3.297227667644619942e-04
1.902001677080988884e-04
3.891676606144756079e-04
3.168201365042477846e-04
2.589432697277516127e-04
2.907468297053128481e-04
1.074891333701089025e-04
6.292205071076750755e-04
2.512719656806439161e-04
5.877638468518853188e-04
5.601709708571434021e-04
2.377681375946849585e-04
3.266778076067566872e-04
3.235602052882313728e-04
6.011250661686062813e-04
2.974141971208155155e-04
6.420447025448083878e-04
2.667658554855734110e-04
2.846845891326665878e-04
3.220979415345937014e-04
4.457337199710309505e-04
2.754902816377580166e-04
4.592860059347003698e-04
2.347093832213431597e-04
1.694163220236077905e-04
2.348541311221197248e-04
2.346480323467403650e-04
1.690056524239480495e-04
2.622032188810408115e-04
5.916388472542166710e-04
3.605216334108263254e-04
3.257216885685920715e-04
2.539113629609346390e-04
4.185335128568112850e-04
3.328950551804155111e-04
2.261691843159496784e-04
1.241694117197766900e-04
3.869784122798591852e-04
2.492718922439962626e-04
1.946223492268472910e-04
5.188314826227724552e-04
1.269638742087408900e-04
4.360115271992981434e-04
2.778978960122913122e-04
8.337942999787628651e-04
4.810179234482347965e-04
2.985301252920180559e-04
2.788887359201908112e-04
5.752819124609231949e-04
2.641235478222370148e-04
1.892862783279269934e-04
1.762420433806255460e-04
1.967454154510051012e-04
3.046123310923576355e-04
2.266858646180480719e-04
1.870417472673580050e-04
8.291140547953546047e-04
5.886123399250209332e-04
3.557849850039929152e-04
2.256661391584202647e-04
1.105388975702226162e-03
1.815954601624980569e-04
2.889475435949862003e-04
3.649022837635129690e-04
3.114760329481214285e-04
2.175479603465646505e-04
3.743525594472885132e-04
1.680897112237289548e-04
2.248069940833374858e-04
3.597486356738954782e-04
5.221627652645111084e-04
2.197549620177596807e-04
2.536989923100918531e-04
3.826406027656048536e-04
4.233428044244647026e-04
6.692647002637386322e-04
3.193424781784415245e-04
1.369633100694045424e-04
3.653340390883386135e-04
3.196324687451124191e-04
1.767715584719553590e-04
1.916549081215634942e-04
5.561238504014909267e-04
3.433613746892660856e-04
4.675700038205832243e-04
4.907749244011938572e-04
2.054974029306322336e-04
3.298758238088339567e-04
3.432156809139996767e-04
5.982566508464515209e-04
1.538688229629769921e-04
4.938532947562634945e-04
1.794133131625130773e-04
3.516994765959680080e-04
5.214742268435657024e-04
4.573766491375863552e-04
2.603264001663774252e-04
3.044529876206070185e-04
1.691294455667957664e-04
2.441157557768747211e-04
2.289305994054302573e-04
4.536586930043995380e-04
1.757971913320943713e-04
3.182202053721994162e-04
3.693991166073828936e-04
2.654819982126355171e-04
2.148380299331620336e-04
2.286685776198282838e-04
2.284869260620325804e-04
3.869742504321038723e-04
2.698360476642847061e-04
5.167281487956643105e-04
2.187773498008027673e-04
2.746320387814193964e-04
2.821739180944859982e-04
1.984808768611401320e-04
1.441899657947942615e-04
2.869073068723082542e-04
3.918563597835600376e-04
1.801603793865069747e-04
2.024237037403509021e-04
2.159243304049596190e-04
2.910358016379177570e-04
1.338823640253394842e-04
4.469941195566207170e-04
3.737991501111537218e-04
5.305212689563632011e-04
6.024438189342617989e-04
2.241288166260346770e-04
2.011947653954848647e-04
2.444528217893093824e-04
5.018801894038915634e-04
2.680140896700322628e-04
3.506577922962605953e-04
3.661189984995871782e-04
4.527435521595180035e-04
5.838560173287987709e-04
3.851460060104727745e-04
1.200466533191502094e-03
4.337662830948829651e-04
4.560677334666252136e-04
3.723955596797168255e-04
3.872676170431077480e-04
4.665847809519618750e-04
2.534590021241456270e-04
4.302421002648770809e-04
3.814757510554045439e-04
8.203511824831366539e-04
5.639764131046831608e-04
4.240828275214880705e-04
2.529208722990006208e-04
4.853208374697715044e-04
5.136608961038291454e-04
3.252378955949097872e-04
2.030218893196433783e-04
3.950887476094067097e-04
2.734091249294579029e-04
2.467777230776846409e-04
5.176532431505620480e-04
4.965405678376555443e-04
2.822879760060459375e-04
2.099156117765232921e-04
3.024656907655298710e-04
3.585556987673044205e-04
4.189807514194399118e-04
6.120165926404297352e-04
3.304802230559289455e-04
1.714430545689538121e-04
2.031029434874653816e-04
2.518111141398549080e-04
1.089380675693973899e-04
3.049446968361735344e-04
3.766268491744995117e-04
3.578522300813347101e-04
3.686691634356975555e-04
2.188752987422049046e-04
2.037090744124725461e-04
3.656879707705229521e-04
2.267824893351644278e-04
2.488834434188902378e-04
2.472448977641761303e-04
3.116537118330597878e-04
1.310426887357607484e-04
3.734696656465530396e-04
1.839239703258499503e-04
4.871342680417001247e-04
8.460352546535432339e-04
4.751441010739654303e-04
3.602452343329787254e-04
5.296698072925209999e-04
2.249503450002521276e-04
5.465612630359828472e-04
3.536578442435711622e-04
2.382609091000631452e-04
3.233336319681257010e-04
7.628034218214452267e-04
3.078437002841383219e-04
2.386170963291078806e-04
1.620773109607398510e-04
3.543105558492243290e-04
2.715289301704615355e-04
5.917266826145350933e-04
2.685177605599164963e-04
5.222294712439179420e-04
4.344955668784677982e-04
2.715251466725021601e-04
2.790422295220196247e-04
3.640234353952109814e-04
2.611439849715679884e-04
2.105325547745451331e-04
9.520657476969063282e-04
4.037801700178533792e-04
5.031451000832021236e-04
1.518217468401417136e-04
3.282518300693482161e-04
6.682149833068251610e-04
2.965136081911623478e-04
3.170555573888123035e-04
2.488348982296884060e-04
3.591286076698452234e-04
2.372472517890855670e-04
6.925289053469896317e-04
6.021485896781086922e-04
4.180116811767220497e-04
2.183148608310148120e-04
4.081595106981694698e-04
4.793759144376963377e-04
6.770214531570672989e-04
2.104122831951826811e-04
2.643840853124856949e-04
5.087697645649313927e-04
2.619119768496602774e-04
2.371852460782974958e-04
6.945148343220353127e-04
2.330977586098015308e-04
2.670353569556027651e-04
8.186963386833667755e-04
3.027838538400828838e-04
2.134741662302985787e-04
4.965719999745488167e-04
2.769440470729023218e-04
2.309527772013098001e-04
6.280848756432533264e-04
2.913261705543845892e-04
2.307355316588655114e-04
2.207907818956300616e-04
2.217172441305592656e-04
1.789272209862247109e-04
2.270771074108779430e-04
3.188952978234738111e-04
2.897483063861727715e-04
5.519870319403707981e-04
1.659268600633367896e-04
5.012098699808120728e-04
8.238744339905679226e-04
4.058399354107677937e-04
3.727807488758116961e-04
7.790461531840264797e-04
2.186503697885200381e-04
1.816973963286727667e-04
7.422757335007190704e-04
7.176091894507408142e-04
4.050708666909486055e-04
3.008971398230642080e-04
2.712085552047938108e-04
3.278621879871934652e-04
3.170973504893481731e-04
5.448703886941075325e-04
3.302177356090396643e-04
3.502690815366804600e-04
3.505891363602131605e-04
2.929060719907283783e-04
3.304789133835583925e-04
3.554018330760300159e-04
4.240713897161185741e-04
3.603490768000483513e-04
2.148896892322227359e-04
3.173996228724718094e-04
3.807306056842207909e-04
2.354599564569070935e-04
6.071146926842629910e-04
4.270063072908669710e-04
7.432343554683029652e-04
2.050948969554156065e-04
3.934786363970488310e-04
3.498963487800210714e-04
2.673242124728858471e-04
2.472313353791832924e-04
2.821950765792280436e-04
2.838836226146668196e-04
3.866891493089497089e-04
2.853043552022427320e-04
2.220335154561325908e-04
4.578439111355692148e-04
6.107948720455169678e-04
6.934134289622306824e-04
2.931397466454654932e-04
2.076613018289208412e-04
1.771018578438088298e-04
3.589521220419555902e-04
3.552313719410449266e-04
3.554415015969425440e-04
5.800675717182457447e-04
4.149794403929263353e-04
4.609782190527766943e-04
1.726556802168488503e-04
4.880261840298771858e-04
4.179392417427152395e-04
3.204493259545415640e-04
1.932294544531032443e-04
1.505445834482088685e-04
5.878936499357223511e-04
4.275386163499206305e-04
4.899301566183567047e-04
3.632851876318454742e-04
4.304987960495054722e-04
3.737095394171774387e-04
6.853691302239894867e-04
1.901464420370757580e-04
1.368127850582823157e-04
3.530878748279064894e-04
3.786104789469391108e-04
3.138398460578173399e-04
6.126390653662383556e-04
2.587431808933615685e-04
2.209691592724993825e-04
4.222135758027434349e-04
2.569766947999596596e-04
3.255776828154921532e-04
1.627470628591254354e-04
2.429618471069261432e-04
1.856326562119647861e-04
3.280706005170941353e-04
1.069328136509284377e-04
2.491532941348850727e-04
1.770311355357989669e-04
2.980716817546635866e-04
3.062460164073854685e-04
3.985821385867893696e-04
2.984800375998020172e-04
2.149971405742689967e-04
7.801988394930958748e-04
3.909846709575504065e-04
4.169633612036705017e-04
3.146763774566352367e-04
4.143297846894711256e-04
3.003465244546532631e-04
2.927682653535157442e-04
5.436643259599804878e-04
3.053192631341516972e-04
1.800985191948711872e-04
2.043907879851758480e-04
2.738697803579270840e-04
2.866401628125458956e-04
2.536195097491145134e-04
1.468785048928111792e-04
2.249988465337082744e-04
3.379572299309074879e-04
4.338411672506481409e-04
3.444191243033856153e-04
9.931098902598023415e-04
4.720856086350977421e-04
2.351629518670961261e-04
3.894695837516337633e-04
1.420974149368703365e-04
7.716626278124749660e-04
2.724013465922325850e-04
1.980261440621688962e-04
4.057949699927121401e-04
4.753767570946365595e-04
9.993242565542459488e-04
3.749985480681061745e-04
4.815505235455930233e-04
4.449258267413824797e-04
2.605608606245368719e-04
6.068762158975005150e-04
3.340063267387449741e-04
3.923871845472604036e-04
1.724755857139825821e-04
6.364585715346038342e-04
4.413111601024866104e-04
3.869573411066085100e-04
1.077716005966067314e-04
4.426642844919115305e-04
2.182812313549220562e-04
3.426600596867501736e-04
3.363144642207771540e-04
1.667670585447922349e-04
3.880568547174334526e-04
4.693660594057291746e-04
1.925914984894916415e-04
5.536109092645347118e-04
5.023271078243851662e-04
4.202221753075718880e-04
3.044364275410771370e-04
3.928362566512078047e-04
7.085008546710014343e-04
3.055921697523444891e-04
6.797603564336895943e-04
2.421858371235430241e-04
6.860995199531316757e-04
3.233024617657065392e-04
1.946167903952300549e-04
2.580712607596069574e-04
7.164700946304947138e-05
3.314162895549088717e-04
2.665062202140688896e-04
2.701207413338124752e-04
3.697967331390827894e-04
3.983762871939688921e-04
2.529757039155811071e-04
3.446481132414191961e-04
2.325302048120647669e-04
7.855079602450132370e-04
4.434814036358147860e-04
2.366221160627901554e-04
5.474853678606450558e-04
1.957173226401209831e-04
1.176385630969889462e-04
5.118565168231725693e-04
2.354930766159668565e-04
2.229649835499003530e-04
4.878638719674199820e-04
4.140942473895847797e-04
1.690943754510954022e-04
1.957426284207031131e-04
4.511813458520919085e-04
8.135146345011889935e-04
2.365424006711691618e-04
2.816240594256669283e-04
2.510159974917769432e-04
1.509237627033144236e-04
3.699750232044607401e-04
2.733943110797554255e-04
5.865537095814943314e-04
2.404605038464069366e-04
2.062069252133369446e-04
1.111479708924889565e-03
5.356321344152092934e-04
4.209883918520063162e-04
3.562279453035444021e-04
2.396796044195070863e-04
5.785663961432874203e-04
1.937593915499746799e-04
2.265601797262206674e-04
4.899919731542468071e-04
4.491181753110140562e-04
5.967956385575234890e-04
3.452364762779325247e-04
3.045956837013363838e-04
2.954986412078142166e-04
9.376701200380921364e-04
7.811391842551529408e-04
6.205713143572211266e-04
2.030889008892700076e-04
5.800328217446804047e-04
9.203306399285793304e-04
2.871942706406116486e-04
1.630251645110547543e-04
2.042235137196257710e-04
2.133514208253473043e-04
8.993229130282998085e-04
3.706160059664398432e-04
2.317516773473471403e-04
6.275629275478422642e-04
3.068443038500845432e-04
4.222824063617736101e-04
3.304819983895868063e-04
6.300978711806237698e-04
3.678902285173535347e-04
2.399768272880464792e-04
7.100288639776408672e-04
6.087504443712532520e-04
4.466450482141226530e-04
3.108509990852326155e-04
5.316912429407238960e-04
7.119108340702950954e-05
1.889441482489928603e-04
2.886409056372940540e-04
3.730047901626676321e-04
1.537915377411991358e-04
3.970077668782323599e-04
7.332175737246870995e-04
3.048411745112389326e-04
2.641993633005768061e-04
9.693054016679525375e-05
2.156140108127146959e-04
6.928679649718105793e-04
1.445830566808581352e-04
1.740809675538912416e-04
3.955204738304018974e-04
2.171440137317404151e-04
2.520666748750954866e-04
4.894875455647706985e-04
1.865177182480692863e-04
1.837564777815714478e-04
3.443148743826895952e-04
7.647935417480766773e-04
2.821989182848483324e-04
7.667512982152402401e-04
5.428395234048366547e-04
3.476432466413825750e-04
3.223654057364910841e-04
3.717050130944699049e-04
3.983220958616584539e-04
5.344002856872975826e-04
4.289242497179657221e-04
5.703260540030896664e-04
4.051609139423817396e-04
4.185355792287737131e-04
2.093961666105315089e-04
4.005536029580980539e-04
3.687370335683226585e-04
3.172522410750389099e-04
2.722130157053470612e-04
6.358324317261576653e-04
6.487990613095462322e-04
5.203076289035379887e-04
4.020447377115488052e-04
4.476144677028059959e-04
2.284423244418576360e-04
3.055601555388420820e-04
5.431395838968455791e-04
6.470775115303695202e-04
1.093658385798335075e-03
3.863635938614606857e-04
2.315965393790975213e-04
5.420200177468359470e-04
4.958238569088280201e-04
1.099719520425423980e-04
3.258397628087550402e-04
3.667547134682536125e-04
1.998902735067531466e-04
9.414770756848156452e-04
4.806522920262068510e-04
1.254553353646770120e-04
9.503418550593778491e-05
3.439737192820757627e-04
4.350972594693303108e-04
3.806870663538575172e-04
1.718444400466978550e-04
7.540168589912354946e-04
3.196642792318016291e-04
5.000968230888247490e-04
5.950125050731003284e-04
5.967626930214464664e-04
3.854877722915261984e-04
2.650182577781379223e-04
3.497237048577517271e-04
4.054282908327877522e-04
6.531387916766107082e-04
1.425543596269562840e-04
4.511102742981165648e-04
7.499242201447486877e-04
3.949890669900923967e-04
3.203127416782081127e-04
2.289146505063399673e-04
2.202999603468924761e-04
1.892349100671708584e-04
4.763806355185806751e-04
3.934979904443025589e-04
4.101617378182709217e-04
4.772520624101161957e-04
2.385425032116472721e-04
2.654329873621463776e-04
3.870284999720752239e-04
1.559512747917324305e-04
2.209653612226247787e-04
1.504146785009652376e-04
2.338685881113633513e-04
6.759418756701052189e-04
3.186743415426462889e-04
5.895901704207062721e-04
6.866159383207559586e-04
2.123231970472261310e-04
3.674118779599666595e-04
2.252947597298771143e-04
4.638979735318571329e-04
1.561880926601588726e-04
2.544603485148400068e-04
5.867456784471869469e-04
1.043184543959796429e-03
2.665100910235196352e-04
3.065486089326441288e-04
6.480006850324571133e-04
3.731084580067545176e-04
4.744361795019358397e-04
2.237340231658890843e-04
2.757232869043946266e-04
3.765944275073707104e-04
3.998873580712825060e-04
3.179332998115569353e-04
1.745283661875873804e-04
2.725559461396187544e-04
2.406538405921310186e-04
3.814868978224694729e-04
3.115699801128357649e-04
1.309012877754867077e-03
3.176716272719204426e-04
3.551834670361131430e-04
7.806362555129453540e-05
1.695411629043519497e-04
3.385244635865092278e-04
3.278984804637730122e-04
1.245992025360465050e-04
5.299579352140426636e-04
4.808869853150099516e-04
1.602836273377761245e-04
2.563796006143093109e-04
2.230571262771263719e-04
2.437385992379859090e-04
3.585790982469916344e-04
3.544232458807528019e-04
3.710530872922390699e-04
3.955826105084270239e-04
3.488827496767044067e-04
3.669293655548244715e-04
1.313088432652875781e-04
1.819882891140878201e-04
1.207510940730571747e-04
6.861182628199458122e-04
5.284968647174537182e-04
1.618982059881091118e-04
4.213442443870007992e-04
2.471046173013746738e-04
3.625067474786192179e-04
3.667282289825379848e-04
4.240162088535726070e-04
4.913206212222576141e-04
4.042026412207633257e-04
2.372118906350806355e-04
3.052667889278382063e-04
1.663175644353032112e-04
3.882601740770041943e-04
3.551416448317468166e-04
1.527652930235490203e-04
3.976270963903516531e-04
6.312786135822534561e-04
5.129924975335597992e-04
2.116513496730476618e-04
2.180751180276274681e-04
4.551311139948666096e-04
5.775407771579921246e-04
3.364720323588699102e-04
2.038272359641268849e-04
2.343566593481227756e-04
2.915323129855096340e-04
4.173778288532048464e-04
4.017935425508767366e-04
3.377223620191216469e-04
2.357245102757588029e-04
3.698268847074359655e-04
2.624060143716633320e-04
4.010895208921283484e-04
2.727850805968046188e-04
2.414095361018553376e-04
2.476141962688416243e-04
3.998233587481081486e-04
1.103917020373046398e-04
2.807861601468175650e-04
3.625820972956717014e-04
2.859093947336077690e-04
2.006850845646113157e-04
9.302108810516074300e-05
2.071896014967933297e-04
2.301734202774241567e-04
7.206254522316157818e-04
4.354877455625683069e-04
6.502441829070448875e-04
3.022223245352506638e-04
7.689819904044270515e-04
3.550516557879745960e-04
1.690659119049087167e-04
3.296563227195292711e-04
4.637546371668577194e-04
2.134757669409736991e-04
3.424076130613684654e-04
3.170264244545251131e-04
4.217346431687474251e-04
3.217680496163666248e-04
5.131868529133498669e-04
3.519222955219447613e-04
4.773055261466652155e-04
1.954755571205168962e-04
4.960391088388860226e-04
1.331567473243921995e-04
5.330112180672585964e-04
5.926968879066407681e-04
2.655231510289013386e-04
2.538095286581665277e-04
2.772421576082706451e-04
3.597499453462660313e-04
4.926429828628897667e-04
2.309843257535248995e-04
3.625024983193725348e-04
5.449209129437804222e-04
2.137161063728854060e-04
3.551930421963334084e-04
4.768530488945543766e-04
3.113524580840021372e-04
1.422161294613033533e-04
5.014218622818589211e-04
3.045593912247568369e-04
6.493896944448351860e-04
2.478427777532488108e-04
2.039286919170990586e-04
3.785539593081921339e-04
2.456038491800427437e-04
1.286376384086906910e-03
1.724891044432297349e-04
5.841045058332383633e-04
1.527983404230326414e-04
4.163471749052405357e-04
4.274671082384884357e-04
2.469293540343642235e-04
2.102981088683009148e-04
4.839266766794025898e-04
2.195698616560548544e-04
2.410442975815385580e-04
5.757690523751080036e-04
5.695596919395029545e-04
2.811083104461431503e-04
5.849861772730946541e-04
5.286223022267222404e-04
3.673552128020673990e-04
9.851908544078469276e-04
2.925497828982770443e-04
2.285978989675641060e-04
4.237229586578905582e-04
3.472477546893060207e-04
3.017376293428242207e-04
1.620291877770796418e-04
2.176620764657855034e-04
2.735235029831528664e-04
4.568503063637763262e-04
4.006944363936781883e-04
4.648302274290472269e-04
5.711842677555978298e-04
3.461021115072071552e-04
2.768764679785817862e-04
4.867472453042864799e-04
3.962822374887764454e-04
2.641368191689252853e-04
4.364007327239960432e-04
5.032841581851243973e-04
4.958554636687040329e-04
2.167093189200386405e-04
1.140568056143820286e-04
2.811383164953440428e-04
2.556877443566918373e-04
4.677927063312381506e-04
2.273716672789305449e-04
4.051009600516408682e-04
2.385343541391193867e-04
1.933143357746303082e-04
2.628030488267540932e-04
5.685794749297201633e-04
3.184057422913610935e-04
6.668365094810724258e-04
3.031885717064142227e-04
4.643625288736075163e-04
5.662155454047024250e-04
2.914486394729465246e-04
2.592790406197309494e-04
3.833952359855175018e-04
2.907407761085778475e-04
2.582622400950640440e-04
5.319997435435652733e-04
1.363095943816006184e-04
3.706290153786540031e-04
2.891546464525163174e-04
2.456721558701246977e-04
1.508243149146437645e-04
3.878344723489135504e-04
2.285376249346882105e-04
2.417015784885734320e-04
1.996078790398314595e-04
3.908462531398981810e-04
1.614166103536263108e-04
3.315808717161417007e-04
2.655943389981985092e-04
3.075293207075446844e-04
4.504067183006554842e-04
5.240542232058942318e-04
5.836220807395875454e-04
2.236396539956331253e-04
1.225778833031654358e-04
1.692824298515915871e-04
2.902821870520710945e-04
1.873070432338863611e-04
4.277296538930386305e-04
3.196510660927742720e-04
5.792769952677190304e-04
1.489551359554752707e-04
5.366522818803787231e-04
7.337311399169266224e-04
6.025196635164320469e-04
5.654897540807723999e-04
2.917851379606872797e-04
1.217465833178721368e-04
2.526963944546878338e-04
3.739754320122301579e-04
3.797577519435435534e-04
3.523942723404616117e-04
5.219205631874501705e-04
2.969130291603505611e-04
4.050772113259881735e-04
6.150212720967829227e-04
5.629570223391056061e-04
7.978585781529545784e-04
1.567567378515377641e-04
4.498654161579906940e-04
4.521520168054848909e-04
4.563474794849753380e-04
2.870897878892719746e-04
2.501935232430696487e-04
2.650581882335245609e-04
9.095360292121767998e-05
6.556257139891386032e-04
2.403013349976390600e-04
2.009066083701327443e-04
1.378513843519613147e-04
1.030773491947911680e-04
5.736577440984547138e-04
2.897803788073360920e-04
6.980993784964084625e-04
3.188355767633765936e-04
3.199038910679519176e-04
3.159662883263081312e-04
2.803527167998254299e-04
2.152870874851942062e-04
3.816180396825075150e-04
4.447214596439152956e-04
1.500375801697373390e-04
3.346910525579005480e-04
4.512596060521900654e-04
3.286970604676753283e-04
2.499228285159915686e-04
3.930525563191622496e-04
4.767093050759285688e-04
2.238900196971371770e-04
1.381118636345490813e-04
1.729287760099396110e-04
6.939167506061494350e-04
1.967741845874115825e-04
4.221733543090522289e-04
3.636021865531802177e-04
2.346683322684839368e-04
1.834244467318058014e-04
3.708307340275496244e-04
5.014261114411056042e-04
3.296105423942208290e-04
1.095445011742413044e-03
3.413531521800905466e-04
2.489687467459589243e-04
1.838699390646070242e-04
6.556641892530024052e-04
6.460329168476164341e-04
2.550637000240385532e-04
2.348436682950705290e-04
5.971459322609007359e-04
6.510770763270556927e-04
1.553952897666022182e-04
2.649475645739585161e-04
4.532805469352751970e-04
2.161462616641074419e-04
2.074586082017049193e-04
9.219946805387735367e-04
1.431302953278645873e-04
3.014606772921979427e-04
5.079129477962851524e-04
2.357706543989479542e-04
1.581528049428015947e-04
4.200952826067805290e-04
5.225833156146109104e-04
3.835198003798723221e-04
5.263948696665465832e-04
6.373093347065150738e-04
1.523221289971843362e-04
1.949224679265171289e-04
5.494620418176054955e-04
1.815663272282108665e-04
5.078138201497495174e-04
5.024388083256781101e-04
3.910430241376161575e-04
3.500338934827595949e-04
4.418427415657788515e-04
2.510065387468785048e-04
1.701417786534875631e-04
4.392357077449560165e-04
3.684072580654174089e-04
3.261191304773092270e-04
1.916563633130863309e-04
5.613404791802167892e-04
3.494006232358515263e-04
7.388675585389137268e-04
2.738604671321809292e-04
2.768512349575757980e-04
4.098202625755220652e-04
4.830316465813666582e-04
2.148446365026757121e-04
4.580726963467895985e-04
5.045582074671983719e-04
3.380479174666106701e-04
4.709390632342547178e-04
1.874763984233140945e-04
3.048248763661831617e-04
4.423097416292876005e-04
2.794442116282880306e-04
2.862409164663404226e-04
1.863771321950480342e-04
3.130015975330024958e-04
1.855652226367965341e-04
2.662615734152495861e-04
1.775496639311313629e-04
4.189804312773048878e-04
1.254057133337482810e-04
3.628929262049496174e-04
3.366979362908750772e-04
2.150431537302210927e-04
2.022983535425737500e-04
1.626017037779092789e-04
2.111346548190340400e-04
3.067206125706434250e-04
8.313219586852937937e-05
4.366239299997687340e-04
3.381954156793653965e-04
2.455751819070428610e-04
2.636020071804523468e-04
2.906157460529357195e-04
5.079331458546221256e-04
2.606374619062989950e-04
1.822342892410233617e-04
1.270340580958873034e-04
1.001583077595569193e-04
3.004624741151928902e-04
1.900228089652955532e-04
2.291137498104944825e-04
2.608316135592758656e-04
2.350345748709514737e-04
4.464408848434686661e-04
5.489561590366065502e-04
2.904412394855171442e-04
3.556351293809711933e-04
4.401431942824274302e-04
2.148554776795208454e-04
6.641326472163200378e-04
1.344482589047402143e-04
4.173177585471421480e-04
6.625291425734758377e-04
4.496086330618709326e-04
3.120022010989487171e-04
5.729061667807400227e-04
1.896392641356214881e-04
7.139731897041201591e-04
4.762393073178827763e-04
2.269318501930683851e-04
2.426137652946636081e-04
5.124793387949466705e-04
5.145039176568388939e-04
4.218008543830364943e-04
3.235232434235513210e-04
2.740256895776838064e-04
5.683077615685760975e-04
3.463972534518688917e-04
3.533559502102434635e-04
4.921002546325325966e-04
2.518215333111584187e-04
4.295073740649968386e-04
1.268102350877597928e-04
4.309327632654458284e-04
5.596686969511210918e-04
4.201843985356390476e-04
5.734162987209856510e-04
2.116262185154482722e-04
3.282961552031338215e-04
6.221706280484795570e-04
2.226197830168530345e-04
6.932521355338394642e-04
4.401633050292730331e-04
7.829041569493710995e-04
3.317723167128860950e-04
2.918457612395286560e-04
2.099330740747973323e-04
2.954181109089404345e-04
1.966344425454735756e-04
3.390118654351681471e-04
3.955336578655987978e-04
3.192113072145730257e-04
4.220426490064710379e-04
4.104523686692118645e-04
2.580672153271734715e-04
6.897428538650274277e-04
4.560003580991178751e-04
1.797289296519011259e-04
2.648345252964645624e-04
5.390609148889780045e-04
2.233017585240304470e-04
3.861350414808839560e-04
3.807327593676745892e-04
3.196550824213773012e-04
3.875225957017391920e-04
4.026873211842030287e-04
3.122010675724595785e-04
2.149093779735267162e-04
3.515930729918181896e-04
5.368333659134805202e-04
2.696346200536936522e-04
2.588171337265521288e-04
4.587318107951432467e-04
2.987716288771480322e-04
7.640375406481325626e-04
4.845205985475331545e-04
4.117028438486158848e-04
3.073742846027016640e-04
2.202826435677707195e-04
4.140808887314051390e-04
4.201749979984015226e-04
7.548145367763936520e-04
3.357471723575145006e-04
3.743588458746671677e-04
2.599227882456034422e-04
4.232173669151961803e-04
1.707753981463611126e-04
5.436649080365896225e-04
3.792715142481029034e-04
3.105767827946692705e-04
2.980477293021976948e-04
3.390720230527222157e-04
3.489052469376474619e-04
4.259225970599800348e-04
1.318548602284863591e-04
3.343302523717284203e-04
5.372427403926849365e-04
1.721023581922054291e-04
2.378099743509665132e-04
2.026711008511483669e-04
1.368253142572939396e-04
6.544330972246825695e-04
1.938855421030893922e-04
2.523898729123175144e-04
4.897952894680202007e-04
3.860712749883532524e-04
2.091931819450110197e-04
1.869558618636801839e-04
2.357743360335007310e-04
2.733119763433933258e-04
3.357546811457723379e-04
2.818281063809990883e-04
4.927433328703045845e-04
2.735638408921658993e-04
3.175231104250997305e-04
2.677453157957643270e-04
6.396489334292709827e-04
1.478983758715912700e-04
3.940917085856199265e-04
4.645096778403967619e-04
2.081777929561212659e-04
2.601272426545619965e-04
2.407754363957792521e-04
6.574194994755089283e-04
3.440581203904002905e-04
2.417083887849003077e-04
2.662335755303502083e-04
5.247152876108884811e-04
3.682581300381571054e-04
2.373211027588695288e-04
3.833946830127388239e-04
3.174680459778755903e-04
2.245469659101217985e-04
3.909249207936227322e-04
4.011148703284561634e-04
2.423573896521702409e-04
3.437346022110432386e-04
2.441663527861237526e-04
4.202711279504001141e-04
9.347010200144723058e-05
4.936406621709465981e-04
3.570167464204132557e-04
2.527953765820711851e-04
1.304700563196092844e-04
4.117012431379407644e-04
2.676540752872824669e-04
5.796695477329194546e-04
2.919696562457829714e-04
3.601179050747305155e-04
4.195993242319673300e-04
5.372226005420088768e-04
3.745925205294042826e-04
5.079481634311378002e-04
1.735252299113199115e-04
1.734678080538287759e-04
4.699324199464172125e-04
3.126437950413674116e-04
4.106823471374809742e-04
2.884146815631538630e-04
2.549673954490572214e-04
2.095636591548100114e-04
3.156259190291166306e-04
5.074915825389325619e-04
1.518198114354163408e-04
2.710979024413973093e-04
3.098660963587462902e-04
3.644714015536010265e-04
3.492551622912287712e-04
4.679241683334112167e-04
5.126089090481400490e-04
1.917230838444083929e-04
3.496026329230517149e-04
2.738865441642701626e-04
5.019207019358873367e-04
2.282731002196669579e-04
1.405423536198213696e-04
6.656334735453128815e-04
3.766822046600282192e-04
3.606010868679732084e-04
3.839627024717628956e-04
3.317932423669844866e-04
2.975632669404149055e-04
5.629172082990407944e-04
3.993584541603922844e-04
2.047114830929785967e-04
2.668618981260806322e-04
1.669958874117583036e-04
5.439879023469984531e-04
2.071983035420998931e-04
3.439018619246780872e-04
3.506224602460861206e-04
3.112058911938220263e-04
2.721718337852507830e-04
4.034391895402222872e-04
3.581044729799032211e-04
1.932058366946876049e-04
1.918822235893458128e-04
3.504563355818390846e-04
8.097022655420005322e-04
3.739467356353998184e-04
2.800552756525576115e-04
3.092084079980850220e-04
3.788416215684264898e-04
3.304943675175309181e-04
3.922346222680062056e-04
2.955266099888831377e-04
3.601732896640896797e-04
2.991090004798024893e-04
1.215742740896530449e-04
2.959015837404876947e-04
2.918633981607854366e-04
1.845033839344978333e-04
5.235145217739045620e-04
3.087962104473263025e-04
3.150310076307505369e-04
2.160471922252327204e-04
2.583703608252108097e-04
3.193816228304058313e-04
2.364799438510090113e-04
2.336366596864536405e-04
2.884984423872083426e-04
2.967622422147542238e-04
3.671914164442569017e-04
4.418349126353859901e-04
2.805228577926754951e-04
5.311153363436460495e-04
1.611388142919167876e-04
7.087721605785191059e-04
2.603265456855297089e-04
3.394297091290354729e-04
4.140572564210742712e-04
3.898931609001010656e-04
3.808826149906963110e-04
3.997659077867865562e-04
5.523483850993216038e-04
1.401950285071507096e-04
2.364024694543331861e-04
2.231608086731284857e-04
3.410036151763051748e-04
3.290492750238627195e-04
3.895497065968811512e-04
5.343597149476408958e-04
2.584840985946357250e-04
7.207960006780922413e-04
5.856556235812604427e-04
3.487534995656460524e-04
1.355658605461940169e-04
1.715683465590700507e-04
1.663567236391827464e-04
4.991264431737363338e-04
2.819636138156056404e-04
2.802808303385972977e-04
9.886010229820385575e-05
5.256590666249394417e-04
2.235364518128335476e-04
4.155790084041655064e-04
5.382925737649202347e-04
4.935378674417734146e-04
1.797411387087777257e-04
3.550757828634232283e-04
2.472116320859640837e-04
6.494346307590603828e-04
4.041934735141694546e-04
3.317260998301208019e-04
1.640865666558966041e-04
3.195353783667087555e-04
1.073384482879191637e-04
2.111347130266949534e-04
1.814431161619722843e-04
2.270293916808441281e-04
2.202483738074079156e-04
4.738613788504153490e-04
3.603228542488068342e-04
2.510269696358591318e-04
3.004511527251452208e-04
5.718310712836682796e-04
1.602697011549025774e-04
5.763272056356072426e-04
3.474910918157547712e-04
2.453401684761047363e-04
8.259349851869046688e-05
2.740211493801325560e-04
2.800827787723392248e-04
3.955421561840921640e-04
3.539781901054084301e-04
2.804772811941802502e-04
4.979419172741472721e-04
1.630893093533813953e-04
8.383717504329979420e-04
2.955774252768605947e-04
5.642244941554963589e-04
2.838283544406294823e-04
5.260751349851489067e-04
2.321060601389035583e-04
3.544276987668126822e-04
5.324914236553013325e-04
1.010576161206699908e-04
1.849822147050872445e-04
3.388166369404643774e-04
4.322475579101592302e-04
3.224317333661019802e-04
3.650170110631734133e-04
1.890166313387453556e-04
2.994041133206337690e-04
2.961891586892306805e-04
3.682363894768059254e-04
3.178001206833869219e-04
3.073960542678833008e-04
2.057693054666742682e-04
6.311674369499087334e-04
1.544441765872761607e-04
3.253331233281642199e-04
2.238006418338045478e-04
3.424030728638172150e-04
2.793064340949058533e-04
3.959816240239888430e-04
2.322890068171545863e-04
2.533808292355388403e-04
4.152688488829880953e-04
2.795326581690460443e-04
2.348824345972388983e-04
3.848264750558882952e-04
5.605610203929245472e-04
2.408119325991719961e-04
4.084889078512787819e-04
1.801667822292074561e-04
3.493496624287217855e-04
3.746748552657663822e-04
1.868939580162987113e-04
1.808976085158064961e-04
2.263695059809833765e-04
3.104555071331560612e-04
2.092196809826418757e-04
3.576296439860016108e-04
3.240217338316142559e-04
2.203793555963784456e-04
3.654206811916083097e-04
2.254965365864336491e-04
4.551728779915720224e-04
4.087240085937082767e-04
6.975373253226280212e-04
2.197753492509946227e-04
2.887260925490409136e-04
9.361183037981390953e-05
5.541631253436207771e-04
3.522897604852914810e-04
3.291994507890194654e-04
1.988512376556172967e-04
2.654172712936997414e-04
2.350521826883777976e-04
3.975537256337702274e-04
1.578999217599630356e-04
2.008469309657812119e-04
1.928615674842149019e-04
1.714871468720957637e-04
1.262374426005408168e-04
2.130419597961008549e-04
4.802206822205334902e-04
4.172902554273605347e-04
3.815131785813719034e-04
4.256292013451457024e-04
3.575386654119938612e-04
2.513487706892192364e-04
2.700491459108889103e-04
4.531517042778432369e-04
3.031844971701502800e-04
5.355495377443730831e-04
3.744838177226483822e-04
2.753277367446571589e-04
2.416259667370468378e-04
3.014615213032811880e-04
1.972447935258969665e-04
1.087194541469216347e-04
1.600800169399008155e-04
2.945371379610151052e-04
2.300004853168502450e-04
3.190104907844215631e-04
4.086436529178172350e-04
2.848294097930192947e-04
3.549626562744379044e-04
4.598039668053388596e-04
8.080350380623713136e-05
4.494995810091495514e-04
3.127694362774491310e-04
1.110324170440435410e-03
4.304817412048578262e-04
3.455865662544965744e-04
2.850741730071604252e-04
3.817761316895484924e-04
4.489848215598613024e-04
1.929805148392915726e-04
3.349832550156861544e-04
6.755288923159241676e-04
1.542941899970173836e-04
2.717411844059824944e-04
3.635336179286241531e-04
2.076588862109929323e-04
3.509677189867943525e-04
4.126723506487905979e-04
2.791435690596699715e-04
4.462817159947007895e-04
3.450391232036054134e-04
2.501584822311997414e-04
3.906607453245669603e-04
5.341774667613208294e-04
4.861812049057334661e-04
2.470182371325790882e-04
3.829938068520277739e-04
4.516531480476260185e-04
3.205145767424255610e-04
1.287524937652051449e-04
5.036963266320526600e-04
5.867327563464641571e-04
3.284743288531899452e-04
2.135894319508224726e-04
1.198572499561123550e-04
2.973235095851123333e-04
2.678907767403870821e-04
2.501807757653295994e-04
6.330739706754684448e-04
2.273156424053013325e-04
1.565556740388274193e-04
3.722270193975418806e-04
1.622645504539832473e-04
5.906106089241802692e-04
2.186500787502154708e-04
2.936346281785517931e-04
5.085158045403659344e-04
2.046324952971190214e-04
2.462784468661993742e-04
1.731980446493253112e-04
1.911414728965610266e-04
2.560130087658762932e-04
7.767591159790754318e-05
9.154681174550205469e-05
1.972207246581092477e-04
3.256525378674268723e-04
4.094407195225358009e-04
2.129821223206818104e-04
2.348176640225574374e-04
3.003804886247962713e-04
2.243217022623866796e-04
7.769973017275333405e-04
2.620740851853042841e-04
2.810124133247882128e-04
2.772795851342380047e-04
2.439129020785912871e-04
1.462766231270506978e-04
9.517878788756206632e-05
2.089762419927865267e-04
2.056275407085195184e-04
4.058808553963899612e-04
4.302454763092100620e-04
2.394142211414873600e-04
6.301017128862440586e-04
2.476988011039793491e-04
9.734604973345994949e-04
3.397444670554250479e-04
3.998737956862896681e-04
3.929151571355760098e-04
1.107728821807540953e-04
2.184833865612745285e-04
1.488459965912625194e-04
2.788983401842415333e-04
9.923386387526988983e-04
2.457511436659842730e-04
3.437799168750643730e-04
3.947190125472843647e-04
2.251698606414720416e-04
2.729887492023408413e-04
2.642984618432819843e-04
5.757431499660015106e-04
1.681555004324764013e-04
2.170563675463199615e-04
1.695661194389685988e-04
2.064334839815273881e-04
1.276086404686793685e-04
3.469274379312992096e-04
4.124286642763763666e-04
2.877496590372174978e-04
3.191465511918067932e-04
2.452236949466168880e-04
3.073050174862146378e-04
2.129534404957666993e-04
2.306932874489575624e-04
3.275588678661733866e-04
1.669678458711132407e-04
3.672127204481512308e-04
1.018170500174164772e-03
1.968073775060474873e-04
1.997120125452056527e-04
3.369441255927085876e-04
3.011676890309900045e-04
2.825066912919282913e-04
1.461241336073726416e-04
2.775161992758512497e-04
3.146020753774791956e-04
2.271529228892177343e-04
2.584206522442400455e-04
4.191338957753032446e-04
1.268168562091886997e-04
5.022980622015893459e-04
2.016030484810471535e-04
4.199729009997099638e-04
1.701528235571458936e-04
6.499072769656777382e-04
8.728408283786848187e-05
6.002536974847316742e-04
4.574666381813585758e-04
6.409861962310969830e-04
3.429422795306891203e-04
3.597219765651971102e-04
2.167127095162868500e-04
6.059927982278168201e-04
2.752224681898951530e-04
4.608466115314513445e-04
1.376783766318112612e-04
2.022140979534015059e-04
3.313624765723943710e-04
1.200535698444582522e-04
2.366542030358687043e-04
2.461267868056893349e-04
3.819262201432138681e-04
5.845919949933886528e-04
6.537897861562669277e-04
3.518118755891919136e-04
6.844854215160012245e-04
2.314141747774556279e-04
1.883399672806262970e-04
4.803405026905238628e-04
1.485082088038325310e-03
4.402847553137689829e-04
5.805832915939390659e-04
4.074062744621187449e-04
1.140369204222224653e-04
1.773141411831602454e-04
5.906065925955772400e-04
4.306122136767953634e-04
5.215552519075572491e-04
6.025272305123507977e-04
3.272173635195940733e-04
4.809380043298006058e-04
4.801309260074049234e-04
2.211441169492900372e-04
2.440940297674387693e-04
6.232134182937443256e-04
3.213201998732984066e-04
3.169642877764999866e-04
4.346241767052561045e-04
1.854438451118767262e-04
3.318634990137070417e-04
3.172288124915212393e-04
2.584166359156370163e-04
2.562730805948376656e-04
3.162508655805140734e-04
2.131284272763878107e-04
3.055999986827373505e-04
1.026243771775625646e-04
6.312031764537096024e-04
2.268668758915737271e-04
3.186384274158626795e-04
5.541062564589083195e-04
3.463309549260884523e-04
4.870454140473157167e-04
3.726140712387859821e-04
1.664155861362814903e-04
4.754883411806076765e-04
4.273063677828758955e-04
9.323886479251086712e-04
3.631782310549169779e-04
5.497330566868185997e-04
2.738369803410023451e-04
7.573991315439343452e-04
3.037917194887995720e-04
4.143558035138994455e-04
2.445509890094399452e-04
2.798710775095969439e-04
1.714794052531942725e-04
2.883871784433722496e-04
6.104414351284503937e-04
4.177058290224522352e-04
2.251510741189122200e-04
4.257251275703310966e-04
2.581358130555599928e-04
1.498411002103239298e-04
2.252599806524813175e-04
1.376271684421226382e-04
2.220617316197603941e-04
2.644902851898223162e-04
1.544981205370277166e-04
4.316216218285262585e-04
5.195615813136100769e-04
3.339054237585514784e-04
5.416946951299905777e-04
3.432483936194330454e-04
2.163389435736462474e-04
1.254157250514253974e-04
3.109768440481275320e-04
2.200328599428758025e-04
2.808253630064427853e-04
4.747784987557679415e-04
6.548573728650808334e-04
2.654548734426498413e-04
1.075877880793996155e-04
2.238166925963014364e-04
9.177353931590914726e-04
3.424732713028788567e-04
6.379578262567520142e-04
2.252311678603291512e-04
3.524870262481272221e-04
6.248970166780054569e-04
2.394426264800131321e-04
2.738656476140022278e-04
1.472484873374924064e-04
4.864747461397200823e-04
9.846099419519305229e-05
2.759195340331643820e-04
4.339027509558945894e-04
2.766955003608018160e-04
1.518930948805063963e-04
2.454834175296127796e-04
2.147095219697803259e-04
4.143117985222488642e-04
3.384008596185594797e-04
1.932695740833878517e-04
2.709887048695236444e-04
6.416867836378514767e-04
2.995499817188829184e-04
2.544943708926439285e-04
2.128334017470479012e-04
3.376418608240783215e-04
3.930944076273590326e-04
3.692809841595590115e-04
3.941275354009121656e-04
2.135975082637742162e-04
8.051053155213594437e-04
2.762720978353172541e-04
3.412346704863011837e-04
2.956545795314013958e-04
1.609945611562579870e-04
2.784175449050962925e-04
2.411645691609010100e-04
1.038410118781030178e-03
4.146519640926271677e-04
2.244942152174189687e-04
1.662968134041875601e-04
2.728801046032458544e-04
3.415396786294877529e-04
4.394286661408841610e-04
4.834686405956745148e-04
3.561764024198055267e-04
2.640961320139467716e-04
2.891680633183568716e-04
3.153917205054312944e-04
2.950055932160466909e-04
3.065508208237588406e-04
3.494254488032311201e-04
1.312120730290189385e-04
1.856085436884313822e-04
3.874054527841508389e-04
2.461741096340119839e-04
9.015890827868133783e-05
2.283971552969887853e-04
1.589901949046179652e-04
2.630465023685246706e-04
4.295026883482933044e-04
3.379432018846273422e-04
4.470237763598561287e-04
1.890784478746354580e-04
2.592672826722264290e-04
2.242093614768236876e-04
1.969961012946441770e-04
4.107824061065912247e-04
6.286257994361221790e-04
9.822184074437245727e-05
3.468045906629413366e-04
1.657856337260454893e-04
4.618299717549234629e-04
4.693427472375333309e-04
4.154857888352125883e-04
3.968917299062013626e-04
2.937034296337515116e-04
5.742840585298836231e-04
2.646262000780552626e-04
2.754225570242851973e-04
2.259647444589063525e-04
3.102740738540887833e-04
5.190492374822497368e-04
4.422117199283093214e-04
2.514875668566673994e-04
7.249661721289157867e-04
1.977363572223111987e-04
4.134495102334767580e-04
3.995327861048281193e-04
2.178573195124045014e-04
4.965779371559619904e-04
3.407011972740292549e-04
3.301552496850490570e-04
5.623531178571283817e-04
2.511034253984689713e-04
2.081106213154271245e-04
1.863211800809949636e-04
2.224578638561069965e-04
2.268379466840997338e-04
3.385958552826195955e-04
6.660847575403749943e-04
2.097902179230004549e-04
4.439283511601388454e-04
2.864586422219872475e-04
2.061302948277443647e-04
1.863403740571811795e-04
3.298917727079242468e-04
1.589762105140835047e-04
3.650374419521540403e-04
3.793827199842780828e-04
3.007018240168690681e-04
1.921927178045734763e-04
4.385179781820625067e-04
1.492823357693850994e-04
2.777210320346057415e-04
2.809555444400757551e-04
7.719168206676840782e-04
2.718451141845434904e-04
2.015054051298648119e-04
2.986252657137811184e-04
4.176129878032952547e-04
2.628676302265375853e-04
2.898549137171357870e-04
6.625619716942310333e-04
2.691439585760235786e-04
5.285279476083815098e-04
2.340190840186551213e-04
7.055176538415253162e-04
2.730001288000494242e-04
1.969854929484426975e-04
3.981565823778510094e-04
3.320040996186435223e-04
2.804179093800485134e-04
1.964821567526087165e-04
5.416512140072882175e-04
2.188462531194090843e-04
4.579236265271902084e-04
2.397290227236226201e-04
1.988441654248163104e-04
4.041930369567126036e-04
2.000182721531018615e-04
1.550572342239320278e-04
4.331615928094834089e-04
2.776645123958587646e-04
1.676513493293896317e-04
3.874111571349203587e-04
4.576479550451040268e-04
5.468408926390111446e-04
2.321641804883256555e-04
3.251760499551892281e-04
1.953536557266488671e-04
3.904450568370521069e-04
2.627638168632984161e-04
8.491440676152706146e-04
3.995527513325214386e-04
2.669959794729948044e-04
4.451655258890241385e-04
3.955216088797897100e-04
6.576206651516258717e-04
4.937502671964466572e-04
4.318201390560716391e-04
3.604443918447941542e-04
2.670780813787132502e-04
4.880775813944637775e-04
5.817696801386773586e-04
4.833762359339743853e-04
1.756630372256040573e-04
2.705386432353407145e-04
1.367951626889407635e-04
3.195473400410264730e-04
2.562133304309099913e-04
3.620942879933863878e-04
3.588245890568941832e-04
2.439779927954077721e-04
4.423868085723370314e-04
1.967915595741942525e-04
2.830524172168225050e-04
5.454268539324402809e-04
4.330873198341578245e-04
1.960424269782379270e-04
3.908476792275905609e-04
2.945253218058496714e-04
3.876328992191702127e-04
1.529608998680487275e-04
4.932528827339410782e-04
1.993117621168494225e-04
3.924524353351444006e-04
3.596232563722878695e-04
2.505247248336672783e-04
3.522693004924803972e-04
3.200860519427806139e-04
2.487978490535169840e-04
3.467792121227830648e-04
3.657070046756416559e-04
4.843500501010566950e-04
1.563541882205754519e-04
2.027314767474308610e-04
2.841350215021520853e-04
5.008224397897720337e-04
2.915505028795450926e-04
3.316597722005099058e-04
1.465243258280679584e-04
2.165825426345691085e-04
1.412512065144255757e-04
4.432852729223668575e-04
2.741520002018660307e-04
3.713820769917219877e-04
3.838665434159338474e-04
2.343372179893776774e-04
3.910404338967055082e-04
1.813985145417973399e-04
3.255382471252232790e-04
3.128361713606864214e-04
2.188423677580431104e-04
2.267180971102789044e-04
2.895180950872600079e-04
2.331404539290815592e-04
1.821812475100159645e-04
3.319254319649189711e-04
2.902900159824639559e-04
2.098948461934924126e-04
4.141235840506851673e-04
2.645436034072190523e-04
3.201901272404938936e-04
3.253544855397194624e-04
3.416892141103744507e-04
4.064482054673135281e-04
2.940914127975702286e-04
4.389708628877997398e-04
2.214653504779562354e-04
2.049588219961151481e-04
4.084531974513083696e-04
2.789291320368647575e-04
3.316095680929720402e-04
1.731454540276899934e-04
8.930168405640870333e-05
9.528003283776342869e-04
5.064798169769346714e-04
2.932335773948580027e-04
5.905461148358881474e-04
2.216049761045724154e-04
4.674708179663866758e-04
2.783331146929413080e-04
3.015076799783855677e-04
2.681417099665850401e-04
4.251729405950754881e-04
2.542344736866652966e-04
2.644281194079667330e-04
1.286611368414014578e-04
3.998964093625545502e-04
4.426674277056008577e-04
1.223579602083191276e-04
6.946133216843008995e-04
8.869950543157756329e-04
3.865781181957572699e-04
6.887170020490884781e-04
4.294700629543513060e-04
1.714158279355615377e-04
4.490118881221860647e-04
2.239512687083333731e-04
2.106407337123528123e-04
5.616933922283351421e-04
2.577166596893221140e-04
2.046545414486899972e-04
5.066194571554660797e-04
4.062493389938026667e-04
3.895933041349053383e-04
3.778587561100721359e-04
2.514170482754707336e-04
2.077977405861020088e-04
2.298072358826175332e-04
2.738804905675351620e-04
3.486683708615601063e-04
3.018438001163303852e-04
3.855908289551734924e-04
3.109602839685976505e-04
1.144017878687009215e-04
3.972472331952303648e-04
2.260003820993006229e-04
1.999909727601334453e-04
1.737591810524463654e-04
1.481758372392505407e-04
2.985551545862108469e-04
2.848505100701004267e-04
4.387807857710868120e-04
1.887625257950276136e-04
4.241221176926046610e-04
2.264420618303120136e-04
2.253834391012787819e-04
1.998060615733265877e-04
8.322845096699893475e-04
4.733755486086010933e-04
1.756926794769242406e-04
8.288271783385425806e-05
2.279619075125083327e-04
3.182891523465514183e-04
2.760243078228086233e-04
7.047334802336990833e-04
4.251787322573363781e-04
3.562599013093858957e-04
2.000162057811394334e-04
2.640216844156384468e-04
4.544106486719101667e-04
3.489122318569570780e-04
3.285275888629257679e-04
2.995507966261357069e-04
5.796259501948952675e-04
2.465011202730238438e-04
2.345100365346297622e-04
2.576567640062421560e-04
2.594095712993294001e-04
3.863240708597004414e-04
4.935530596412718296e-04
3.241560771130025387e-04
2.970632049255073071e-04
2.061602281173691154e-04
6.186482496559619904e-04
2.894417557399719954e-04
3.601864736992865801e-04
1.904882956296205521e-04
3.063053300138562918e-04
2.484582364559173584e-04
4.200041585136204958e-04
2.434963389532640576e-04
2.968782209791243076e-04
3.011361113749444485e-04
3.654444590210914612e-04
4.834596475120633841e-04
2.184040786232799292e-04
2.650379901751875877e-04
4.097085620742291212e-04
1.635156368138268590e-04
2.347768313484266400e-04
1.620852126507088542e-04
1.673280785325914621e-04
3.196199540980160236e-04
3.485194465611129999e-04
3.014012181665748358e-04
6.099874153733253479e-04
3.555813455022871494e-04
5.729020340368151665e-04
2.272461279062554240e-04
2.386816195212304592e-04
2.392848691670224071e-04
5.973531515337526798e-04
4.224725707899779081e-04
5.521429702639579773e-04
1.312110689468681812e-04
4.540797381196171045e-04
4.019227926619350910e-04
5.382591043598949909e-04
3.465698391664773226e-04
4.590384487528353930e-04
4.501029325183480978e-04
3.501570026855915785e-04
4.036886384710669518e-04
2.488765749149024487e-04
2.173765242332592607e-04
2.242853661300614476e-04
1.496900513302534819e-04
2.690197143238037825e-04
4.215441877022385597e-04
2.370051515754312277e-04
2.386855485383421183e-04
2.315347956027835608e-04
2.838210202753543854e-04
2.176390989916399121e-04
5.378835485316812992e-04
3.588083491194993258e-04
3.525835636537522078e-04
4.484245437197387218e-04
2.630203089211136103e-04
3.138284955639392138e-04
8.138535195030272007e-04
3.049426595680415630e-04
2.188361249864101410e-04
3.631665022112429142e-04
2.264365029986947775e-04
3.214805619791150093e-04
4.560686938930302858e-04
3.643718373496085405e-04
4.300788568798452616e-04
3.437265986576676369e-04
2.435423375573009253e-04
3.446379851084202528e-04
3.316933289170265198e-04
3.129374235868453979e-04
4.190899780951440334e-04
4.224686417728662491e-04
2.994659007526934147e-04
1.909856509882956743e-04
8.950403425842523575e-04
2.965371531900018454e-04
4.389405658002942801e-04
3.181425563525408506e-04
3.461408487055450678e-04
2.231182443210855126e-04
5.131973302923142910e-04
2.238101733382791281e-04
4.025364178232848644e-04
1.449094561394304037e-04
4.828449164051562548e-04
3.026497433893382549e-04
1.942326052812859416e-04
3.544779610820114613e-04
1.926728291437029839e-04
4.937351332046091557e-04
3.972633567173033953e-04
2.490537008270621300e-04
1.591429754626005888e-04
2.925592998508363962e-04
5.480887484736740589e-04
2.705989463720470667e-04
4.468087863642722368e-04
6.695013144053518772e-04
3.697535721585154533e-04
2.470802282914519310e-04
3.456171834841370583e-04
2.393879403825849295e-04
1.703883026493713260e-04
1.555506896693259478e-04
3.841672150883823633e-04
3.658755740616470575e-04
3.272593312431126833e-04
5.492626223713159561e-04
3.119986213278025389e-04
6.675259210169315338e-04
2.943585859611630440e-04
3.135245351586490870e-04
2.373228489886969328e-04
1.922497613122686744e-04
4.046117246616631746e-04
4.470598651096224785e-04
2.339763159397989511e-04
3.762597916647791862e-04
1.682267320575192571e-04
2.128188934875652194e-04
2.471698680892586708e-04
7.063081138767302036e-04
4.734827962238341570e-04
3.438632702454924583e-04
6.751397158950567245e-04
2.366480766795575619e-04
3.878964635077863932e-04
1.725322217680513859e-04
5.579345743171870708e-04
3.118809836450964212e-04
3.835228853859007359e-04
2.302183274878188968e-04
2.014749043155461550e-04
2.208318910561501980e-04
5.070087499916553497e-04
2.632953692227602005e-04
2.265677467221394181e-04
2.046801673714071512e-04
4.244628653395920992e-04
2.226755314040929079e-04
3.326534642837941647e-04
3.126831725239753723e-04
1.480801729485392570e-04
4.469042178243398666e-04
1.709505595499649644e-04
3.898394352290779352e-04
2.672446426004171371e-04
5.629059742204844952e-04
4.845569783356040716e-04
2.347508852835744619e-04
2.629960654303431511e-04
1.538825745228677988e-04
2.332796284463256598e-04
5.305798840709030628e-04
2.902325941249728203e-04
5.032517947256565094e-04
2.339761413168162107e-04
5.361530347727239132e-04
9.572642156854271889e-04
3.390297351870685816e-04
4.145863058511167765e-04
2.271034463774412870e-04
2.799002395477145910e-04
3.902950265910476446e-04
3.820523852482438087e-04
5.238035810180008411e-04
2.652978873811662197e-04
7.512451848015189171e-04
2.103421138599514961e-04
2.082331338897347450e-04
1.295350666623562574e-04
8.393388125114142895e-04
2.583025489002466202e-04
1.655959204072132707e-04
5.926297744736075401e-04
5.386383272707462311e-04
1.920355716720223427e-04
1.447027170797809958e-04
7.888798718340694904e-04
3.269453882239758968e-04
2.331028808839619160e-04
1.408108946634456515e-04
4.963150713592767715e-04
2.457512600813060999e-04
4.703664162661880255e-04
4.612198390532284975e-04
1.928157289512455463e-04
2.749500854406505823e-04
4.607737646438181400e-04
7.928074919618666172e-04
2.586398331914097071e-04
1.284484023926779628e-04
4.744690086226910353e-04
2.428442967357113957e-04
6.351452902890741825e-04
6.452974630519747734e-04
5.440005334094166756e-04
1.929633581312373281e-04
6.476773996837437153e-04
2.470437611918896437e-04
2.955295785795897245e-04
1.583889679750427604e-04
7.610773318447172642e-04
1.812891132431104779e-04
3.124718787148594856e-04
3.131040139123797417e-04
4.754228866659104824e-04
6.851622601971030235e-04
2.693055430427193642e-04
2.986554754897952080e-04
7.625577272847294807e-04
3.359894326422363520e-04
1.718209678074344993e-04
1.864831720013171434e-04
4.093621973879635334e-04
4.315548576414585114e-04
6.167390383780002594e-04
4.173569323029369116e-04
2.435665228404104710e-04
5.244287312962114811e-04
2.392241294728592038e-04
2.762984659057110548e-04
1.628209720365703106e-04
3.488150250632315874e-04
4.210361221339553595e-04
3.105278301518410444e-04
3.232365706935524940e-04
2.047857415163889527e-04
1.946410338860005140e-04
3.831360954791307449e-04
3.409724158700555563e-04
2.167852217098698020e-04
1.062326409737579525e-04
2.544496674090623856e-04
2.239659079350531101e-04
3.640127542894333601e-04
2.239810128230601549e-04
2.128993073711171746e-04
1.546031999168917537e-04
2.862798573914915323e-04
2.503630530554801226e-04
5.621630116365849972e-04
2.538377593737095594e-04
5.984097952023148537e-04
2.075626689475029707e-04
5.721942288801074028e-04
3.925405326299369335e-04
2.155882248189300299e-04
1.392802951158955693e-04
1.812289556255564094e-04
2.428261650493368506e-04
1.869277330115437508e-04
5.979560082778334618e-04
1.887438556877896190e-04
4.549425211735069752e-04
1.692744990577921271e-04
3.091091057285666466e-04
3.673307946883141994e-04
1.812302216421812773e-04
1.792398543329909444e-04
4.974526818841695786e-04
3.941506729461252689e-04
3.486132773105055094e-04
2.707557578105479479e-04
4.398022138047963381e-04
1.816073054214939475e-04
1.708330091787502170e-04
2.071675407933071256e-04
3.197120095137506723e-04
2.642969193402677774e-04
2.774821186903864145e-04
4.358291043899953365e-04
1.700887660263106227e-04
2.385684492764994502e-04
3.614156739786267281e-04
5.116590764373540878e-04
1.545442501083016396e-04
5.341831711120903492e-04
1.527145068394020200e-04
5.907105514779686928e-04
3.488231741357594728e-04
4.243440635036677122e-04
1.755092525854706764e-04
3.728471347130835056e-04
3.014456597156822681e-04
3.821157151833176613e-04
2.231188991572707891e-04
1.785595668479800224e-04
1.594230270711705089e-04
2.806552220135927200e-04
7.189019815996289253e-04
2.406906714895740151e-04
2.429292217129841447e-04
4.315797705203294754e-04
3.874559770338237286e-04
3.803276049438863993e-04
2.769011480268090963e-04
3.352801140863448381e-04
5.062595591880381107e-04
2.764966920949518681e-04
5.350320134311914444e-04
3.785408334806561470e-04
2.702793572098016739e-04
4.391318652778863907e-04
3.673593455459922552e-04
5.142880254425108433e-04
7.525662658736109734e-04
3.821198188234120607e-04
6.313675548881292343e-04
3.564373764675110579e-04
1.113412290578708053e-04
2.456051588524132967e-04
2.636278222780674696e-04
4.239393456373363733e-04
2.326988469576463103e-04
4.096224438399076462e-04
1.838436437537893653e-04
2.788785495795309544e-04
4.546651034615933895e-04
2.942838764283806086e-04
2.875175559893250465e-04
1.336054992862045765e-04
2.610965457279235125e-04
2.212866529589518905e-04
2.620598825160413980e-04
2.178412978537380695e-04
2.386276901233941317e-04
2.858243533410131931e-04
1.736983977025374770e-04
1.987187424674630165e-04
4.471082356758415699e-04
4.623105050995945930e-04
3.578916075639426708e-04
4.119385557714849710e-04
4.970965092070400715e-04
8.600418223068118095e-04
2.054803335340693593e-04
3.289686283096671104e-04
1.133071127696894109e-04
1.676504034548997879e-04
3.906796337105333805e-04
3.460591251496225595e-04
2.689009706955403090e-04
1.753164688125252724e-04
1.699804706731811166e-04
5.144709721207618713e-04
1.388106611557304859e-04
3.871068765874952078e-04
1.700609136605635285e-04
3.008713829331099987e-04
5.818260833621025085e-04
1.186169800348579884e-03
2.253901620861142874e-04
4.096518969163298607e-04
5.943194264546036720e-04
4.062565858475863934e-04
3.804061270784586668e-04
2.857359359040856361e-04
1.928463752847164869e-04
3.131927223876118660e-04
4.719781863968819380e-04
2.455721260048449039e-04
2.109198976540938020e-04
2.875172940548509359e-04
3.145348164252936840e-04
3.749990428332239389e-04
3.854966489598155022e-04
1.988480362342670560e-04
3.767588350456207991e-04
2.410389861324802041e-04
1.510460861027240753e-04
3.051816602237522602e-04
3.902739845216274261e-04
3.311006585136055946e-04
3.662226954475045204e-04
5.240408936515450478e-04
1.528357970528304577e-04
3.393155348021537066e-04
1.437974133295938373e-04
1.350672828266397119e-04
2.588154166005551815e-04
2.883063280023634434e-04
4.261306894477456808e-04
4.185174766462296247e-04
4.718758282251656055e-04
1.706180773908272386e-04
2.261334448121488094e-04
4.173316701781004667e-04
4.997879150323569775e-04
2.880175889004021883e-04
3.084813652094453573e-04
5.162763409316539764e-04
4.704035818576812744e-04
4.302959714550524950e-04
2.590417570900171995e-04
4.334750701673328876e-04
3.642134252004325390e-04
1.311498635914176702e-04
1.733881654217839241e-04
1.806330546969547868e-04
2.578329876996576786e-04
3.255507035646587610e-04
6.130599649623036385e-04
1.686362084001302719e-04
1.867233077064156532e-04
3.240123041905462742e-04
2.481484261807054281e-04
1.577339426148682833e-04
5.016948562115430832e-04
2.698862517718225718e-04
3.411892976146191359e-04
5.342537187971174717e-04
4.080968792550265789e-04
2.425148704787716269e-04
2.327190886717289686e-04
6.651792209595441818e-04
6.180959171615540981e-04
2.050475304713472724e-04
2.473150962032377720e-04
2.269690012326464057e-04
2.790081489365547895e-04
2.193169639213010669e-04
2.515360247343778610e-04
1.361467293463647366e-04
4.329000657889991999e-04
3.401252033654600382e-04
2.040628314716741443e-04
1.246295869350433350e-04
4.281455185264348984e-04
7.949705468490719795e-04
2.147474297089502215e-04
3.635675820987671614e-04
2.061214327113702893e-04
5.041238036938011646e-04
2.489555336069315672e-04
1.850199187174439430e-04
4.135183698963373899e-04
5.035889917053282261e-04
2.022351109189912677e-04
4.106171836610883474e-04
4.615314828697592020e-04
3.069279191549867392e-04
1.790042733773589134e-04
4.012247081845998764e-04
3.082819166593253613e-04
4.131060850340873003e-04
2.285906957695260644e-04
2.549685304984450340e-04
1.939154462888836861e-04
6.686460692435503006e-04
2.777124755084514618e-04
2.523778239265084267e-04
3.339603135827928782e-04
4.542749375104904175e-04
3.519554738886654377e-04
6.021222798153758049e-04
2.977653930429369211e-04
2.466542937327176332e-04
3.551433037500828505e-04
2.096312673529610038e-04
5.199133884161710739e-04
4.345404158812016249e-04
3.571120614651590586e-04
9.823406580835580826e-04
1.727014314383268356e-04
3.126150113530457020e-04
4.892307333648204803e-04
5.188107024878263474e-04
2.613381075207144022e-04
1.934922038344666362e-04
3.158311592414975166e-04
3.004196914844214916e-04
2.485613222233951092e-04
7.203113054856657982e-04
3.274983027949929237e-04
2.768373524304479361e-04
4.476604517549276352e-04
2.585529291536659002e-04
3.300814423710107803e-04
3.936569264624267817e-04
2.704141079448163509e-04
5.874499911442399025e-04
3.439085558056831360e-04
5.763027584180235863e-04
3.593014262150973082e-04
4.624479042831808329e-04
3.861742443405091763e-04
2.519724366720765829e-04
2.421613899059593678e-04
2.829534932971000671e-04
3.103243361692875624e-04
2.767405239865183830e-04
9.774009231477975845e-05
2.895245561376214027e-04
5.418874206952750683e-04
3.080906753893941641e-04
8.574160747230052948e-04
4.443028301466256380e-04
2.834864717442542315e-04
3.735421341843903065e-04
3.704676346387714148e-04
7.036126917228102684e-04
3.421060391701757908e-04
2.238564920844510198e-04
3.015713300555944443e-04
7.730415672995150089e-04
2.684135397430509329e-04
8.190880180336534977e-04
1.584904093760997057e-04
4.879853804595768452e-04
1.802508049877360463e-04
2.502764400560408831e-04
2.475939982105046511e-04
9.261165541829541326e-05
2.359310310566797853e-04
3.915497509296983480e-04
2.838138607330620289e-04
3.321911499369889498e-04
4.764734767377376556e-04
4.990770248696208000e-04
2.287527750013396144e-04
1.109855133108794689e-03
4.215535300318151712e-04
5.728840478695929050e-04
4.878464969806373119e-04
4.353516269475221634e-04
2.830865560099482536e-04
4.671910137403756380e-04
3.798306279350072145e-04
1.019281684421002865e-03
2.669904788490384817e-04
2.359502977924421430e-04
2.879704406950622797e-04
5.702199414372444153e-04
5.378671339713037014e-04
3.098061715718358755e-04
2.299610350746661425e-04
3.941236063838005066e-04
1.985203416552394629e-04
4.020066407974809408e-04
5.299649783410131931e-04
5.292883724905550480e-04
1.684648013906553388e-04
4.783094336744397879e-04
2.865419373847544193e-04
2.874718920793384314e-04
3.684648836497217417e-04
5.664132186211645603e-04
3.228416608180850744e-04
2.960182027891278267e-04
2.987057087011635303e-04
2.307590621057897806e-04
2.478433307260274887e-04
2.281574707012623549e-04
7.724309107288718224e-04
3.428863128647208214e-04
2.968842163681983948e-04
4.586564609780907631e-04
3.087592194788157940e-04
1.993116165976971388e-04
2.248871605843305588e-04
1.258013944607228041e-04
5.891599575988948345e-04
5.143888411112129688e-04
3.028583014383912086e-04
1.204602740472182631e-04
1.837085437728092074e-04
3.721911925822496414e-04
3.366207529325038195e-04
2.622694300953298807e-04
1.512065064162015915e-04
3.258308570366352797e-04
3.142312925774604082e-04
4.087031411472707987e-04
3.572711721062660217e-04
2.047994785243645310e-04
3.774937358684837818e-04
2.137211122317239642e-04
3.943138872273266315e-04
1.784344349289312959e-04
7.071843137964606285e-04
4.665050655603408813e-04
2.757240436039865017e-04
1.486526598455384374e-04
2.066878369078040123e-04
2.698656462598592043e-04
4.877838364336639643e-04
4.413992865011096001e-04
5.475308280438184738e-04
2.216689899796620011e-04
4.124174301978200674e-04
2.522571012377738953e-04
3.867488703690469265e-04
5.010303575545549393e-04
5.886080907657742500e-04
2.347473637200891972e-04
3.162056091241538525e-04
4.031015560030937195e-04
3.525011707097291946e-04
6.626422400586307049e-04
2.476033114362508059e-04
1.882683864096179605e-04
6.211965228430926800e-04
4.719866847153753042e-04
3.193743177689611912e-04
3.228036512155085802e-04
2.084281295537948608e-04
2.361595979891717434e-04
7.633804343640804291e-04
1.878752955235540867e-04
8.603393798694014549e-04
2.095886447932571173e-04
2.480114926584064960e-04
1.937053893925622106e-04
2.645872009452432394e-04
2.892704505939036608e-04
4.945468972437083721e-04
3.854410315398126841e-04
1.173143973574042320e-04
6.610509590245783329e-04
3.988508542533963919e-04
8.884790440788492560e-05
4.400749166961759329e-04
1.829997636377811432e-04
1.464585511712357402e-04
1.024623052217066288e-03
2.639963058754801750e-04
1.581902033649384975e-04
6.045149057172238827e-04
3.657382621895521879e-04
2.847608993761241436e-04
3.197917249053716660e-04
2.406976418569684029e-04
2.493869978934526443e-04
2.185086341341957450e-04
2.136090188287198544e-04
2.690270193852484226e-04
2.902884443756192923e-04
1.617944799363613129e-04
1.435958693036809564e-04
1.675483217695727944e-04
4.913677112199366093e-04
2.821243251673877239e-04
1.502459344919770956e-04
5.026230937801301479e-04
1.523219398222863674e-04
2.691921545192599297e-04
5.811399896629154682e-04
7.181286928243935108e-04
5.671479157172143459e-04
5.309553234837949276e-04
2.457079244777560234e-04
9.150158439297229052e-05
5.259959725663065910e-04
1.324947661487385631e-04
1.911973085952922702e-04
8.620937296655029058e-05
4.675986128859221935e-04
4.243903676979243755e-04
3.849725180771201849e-04
4.085537802893668413e-04
2.732151770032942295e-04
1.490451541030779481e-04
2.234553394373506308e-04
3.695801424328237772e-04
2.290706615895032883e-04
3.881704178638756275e-04
4.547615244518965483e-04
4.504572134464979172e-04
1.177274170913733542e-04
5.607552011497318745e-04
3.075037675444036722e-04
1.532844471512362361e-04
2.395260671619325876e-04
1.849689870141446590e-04
2.302293432876467705e-04
2.274040452903136611e-04
3.011706576216965914e-04
1.975681807380169630e-04
2.194446133216843009e-04
5.522235878743231297e-04
2.215383574366569519e-04
1.921010989462956786e-04
2.753502049017697573e-04
2.523662697058171034e-04
4.660482227336615324e-04
5.495471996255218983e-04
1.896900503197684884e-04
2.912268682848662138e-04
3.132032870780676603e-04
4.531846498139202595e-04
2.672685659490525723e-04
6.777773523936048150e-05
3.039076691493391991e-04
2.047490415861830115e-04
2.755302120931446552e-04
2.052744093816727400e-04
8.743305224925279617e-04
2.960172423627227545e-04
3.544267674442380667e-04
4.233844229020178318e-04
6.397184915840625763e-04
2.476124791428446770e-04
3.619253984652459621e-04
3.497057768981903791e-04
2.841516688931733370e-04
3.017738636117428541e-04
3.686222771648317575e-04
1.985595299629494548e-04
2.240284957224503160e-04
4.787298385053873062e-04
3.640494833234697580e-04
3.254277689848095179e-04
4.733779060188680887e-04
3.361077106092125177e-04
3.136273589916527271e-04
3.225410182494670153e-04
8.698377496330067515e-05
2.280855987919494510e-04
4.666238965000957251e-04
4.119660588912665844e-04
1.701797882560640574e-04
3.422429726924747229e-04
