3.399494453333318233e-04
3.711414465215057135e-04
3.556672018021345139e-04
3.692474856507033110e-04
3.656815970316529274e-04
3.692728641908615828e-04
3.666535776574164629e-04
3.481073363218456507e-04
3.483551845420151949e-04
3.494844131637364626e-04
3.684449766296893358e-04
3.641310613602399826e-04
3.464421024546027184e-04
3.462388121988624334e-04
3.469622752163559198e-04
3.336603404022753239e-04
3.459278959780931473e-04
3.498118603602051735e-04
3.367097815498709679e-04
3.539049066603183746e-04
3.852570662274956703e-04
3.479750594124197960e-04
3.385770833119750023e-04
3.398965636733919382e-04
3.377709945198148489e-04
3.520151367411017418e-04
3.537096781656146049e-04
3.403887094464153051e-04
3.372947103343904018e-04
3.525671781972050667e-04
3.458184073679149151e-04
3.444888861849904060e-04
3.379391273483633995e-04
3.543613420333713293e-04
3.683425893541425467e-04
3.629635903052985668e-04
3.699338994920253754e-04
3.450907533988356590e-04
3.566274535842239857e-04
3.451357770245522261e-04
3.465007757768034935e-04
3.568311221897602081e-04
3.498531877994537354e-04
3.671880695037543774e-04
3.307434380985796452e-04
3.590491833165287971e-04
3.697249921970069408e-04
3.456929698586463928e-04
3.458112769294530153e-04
3.439954598434269428e-04
3.510537790134549141e-04
3.478491271380335093e-04
3.479119914118200541e-04
3.489614173304289579e-04
3.685629344545304775e-04
3.447950584813952446e-04
3.528161032591015100e-04
3.541407349985092878e-04
3.685983538161963224e-04
3.557873424142599106e-04
3.720154636539518833e-04
3.493615658953785896e-04
3.471025556791573763e-04
3.688207652885466814e-04
3.481709863990545273e-04
3.460080479271709919e-04
3.616815665736794472e-04
3.435774124227464199e-04
3.651799925137311220e-04
3.319511888548731804e-04
3.461999294813722372e-04
3.490863309707492590e-04
3.463677130639553070e-04
3.627956903073936701e-04
3.564496873877942562e-04
3.395589883439242840e-04
3.706886200234293938e-04
3.580522025004029274e-04
3.445155161898583174e-04
3.251011075917631388e-04
3.680265217553824186e-04
3.298909869045019150e-04
3.426409675739705563e-04
3.464065957814455032e-04
3.670933656394481659e-04
3.494189004413783550e-04
3.546590451151132584e-04
3.502135514281690121e-04
3.456531558185815811e-04
3.470622177701443434e-04
3.557547752279788256e-04
3.423797315917909145e-04
3.388701588846743107e-04
3.504577325657010078e-04
3.377053653821349144e-04
3.633786400314420462e-04
3.593564324546605349e-04
3.478126600384712219e-04
3.492593532428145409e-04
3.376204404048621655e-04
3.543050843290984631e-04
3.389105841051787138e-04
3.497902653180062771e-04
3.528110100887715816e-04
3.590479609556496143e-04
3.403069276828318834e-04
3.558284661266952753e-04
3.505563363432884216e-04
3.475343110039830208e-04
3.453104291111230850e-04
3.450479998718947172e-04
3.533194831106811762e-04
3.484286717139184475e-04
3.772471682168543339e-04
3.577706811483949423e-04
3.478928119875490665e-04
3.492017567623406649e-04
3.552360285539180040e-04
3.649309801403433084e-04
3.544849168974906206e-04
3.549847169779241085e-04
3.557307645678520203e-04
3.460258594714105129e-04
3.436786064412444830e-04
3.393825318198651075e-04
3.487559733912348747e-04
3.674218605738133192e-04
3.606203827075660229e-04
3.570763510651886463e-04
3.582549106795340776e-04
3.692405298352241516e-04
3.509155067149549723e-04
3.466016496531665325e-04
3.386913740541785955e-04
3.474028198979794979e-04
3.387287142686545849e-04
3.508934460114687681e-04
3.512094845063984394e-04
3.444674657657742500e-04
3.668118151836097240e-04
3.527439548633992672e-04
3.654948377516120672e-04
3.491654060781002045e-04
3.566348459571599960e-04
3.376002714503556490e-04
3.399462730158120394e-04
3.516371652949601412e-04
3.453399112913757563e-04
3.459393919911235571e-04
3.520154277794063091e-04
3.493776603136211634e-04
3.385550226084887981e-04
3.439635329414159060e-04
3.762228006962686777e-04
3.683960239868611097e-04
3.564542857930064201e-04
3.490511444397270679e-04
3.543025231920182705e-04
3.708445874508470297e-04
3.687572607304900885e-04
3.550492983777076006e-04
3.395005769561976194e-04
3.686238778755068779e-04
3.479714214336127043e-04
3.455294645391404629e-04
3.536954754963517189e-04
3.513106203172355890e-04
3.719089727383106947e-04
3.470325027592480183e-04
3.396884421817958355e-04
3.400555287953466177e-04
3.546402440406382084e-04
3.441169683355838060e-04
3.574524016585201025e-04
3.462725144345313311e-04
3.354865475557744503e-04
3.413603117223829031e-04
3.502086619846522808e-04
3.371749771758913994e-04
3.625493263825774193e-04
3.511392860673367977e-04
3.647047269623726606e-04
3.526232321746647358e-04
3.427058691158890724e-04
3.628795675467699766e-04
3.553339047357439995e-04
3.556453448254615068e-04
3.518710145726799965e-04
3.664079995360225439e-04
3.486399364192038774e-04
3.772510972339659929e-04
3.538561868481338024e-04
3.456389822531491518e-04
3.467763308435678482e-04
3.641066723503172398e-04
4.112651804462075233e-04
3.536698932293802500e-04
3.622476942837238312e-04
3.559938631951808929e-04
3.406113537494093180e-04
3.536681761033833027e-04
3.469017683528363705e-04
3.477988357190042734e-04
3.677132190205156803e-04
3.624596574809402227e-04
3.694064507726579905e-04
3.688037395477294922e-04
3.271685854997485876e-04
3.548040112946182489e-04
3.683545801322907209e-04
3.746269503608345985e-04
3.461868618614971638e-04
3.534497227519750595e-04
3.487094654701650143e-04
3.494164266157895327e-04
3.576696908567100763e-04
3.441767476033419371e-04
3.498526930343359709e-04
3.599132760427892208e-04
3.609483537729829550e-04
3.708454896695911884e-04
3.485918859951198101e-04
3.397255786694586277e-04
3.501174214761704206e-04
3.459850559011101723e-04
3.493631957098841667e-04
3.471965028438717127e-04
3.659880894701927900e-04
3.390210913494229317e-04
3.492124378681182861e-04
3.693182079587131739e-04
3.525652864482253790e-04
3.382209979463368654e-04
3.473175747785717249e-04
3.486853092908859253e-04
3.558563767001032829e-04
3.566134255379438400e-04
3.501832834444940090e-04
3.497870638966560364e-04
3.614611050579696894e-04
3.503923071548342705e-04
3.522585029713809490e-04
3.473902761470526457e-04
3.468181530479341745e-04
3.439934225752949715e-04
3.694099723361432552e-04
3.470962401479482651e-04
3.569749824237078428e-04
3.679033252410590649e-04
3.491598763503134251e-04
3.491893294267356396e-04
3.369639744050800800e-04
3.476364654488861561e-04
3.489578375592827797e-04
3.477850696071982384e-04
3.466569178272038698e-04
3.509571542963385582e-04
3.513298288453370333e-04
3.564275975804775953e-04
3.401194990146905184e-04
3.513915580697357655e-04
3.479224396869540215e-04
3.403632435947656631e-04
3.392868675291538239e-04
3.598974435590207577e-04
3.379794070497155190e-04
3.448920033406466246e-04
3.537556913215667009e-04
3.452122327871620655e-04
3.499650920275598764e-04
3.545172803569585085e-04
3.493897675070911646e-04
3.297272778581827879e-04
3.351405612193048000e-04
3.471061063464730978e-04
4.265932657290250063e-04
3.490337985567748547e-04
3.440540749579668045e-04
3.383548173587769270e-04
3.550185356289148331e-04
3.516775032039731741e-04
3.492904943414032459e-04
3.478963626548647881e-04
3.490253875497728586e-04
3.611761785577982664e-04
3.660684742499142885e-04
3.515476710163056850e-04
3.683078975882381201e-04
3.730298194568604231e-04
3.528617089614272118e-04
3.492123505566269159e-04
3.457574057392776012e-04
3.384746960364282131e-04
3.668109129648655653e-04
3.540411998983472586e-04
3.578173345886170864e-04
3.598438925109803677e-04
3.432562807574868202e-04
3.459497238509356976e-04
3.653109888546168804e-04
3.493545518722385168e-04
3.402215370442718267e-04
3.470544179435819387e-04
3.472681855782866478e-04
3.561249759513884783e-04
3.639869682956486940e-04
3.537840675562620163e-04
3.528403176460415125e-04
3.718179359566420317e-04
3.530972753651440144e-04
3.702738031279295683e-04
3.553041897248476744e-04
3.489186346996575594e-04
3.557303280103951693e-04
3.466299967840313911e-04
3.543860220815986395e-04
3.640078648459166288e-04
3.392902144696563482e-04
3.297441580798476934e-04
3.589190600905567408e-04
3.644677344709634781e-04
3.463551693130284548e-04
3.668153658509254456e-04
3.647496050689369440e-04
3.469452203717082739e-04
3.762719570659101009e-04
3.401949070394039154e-04
3.613087174016982317e-04
3.406491887290030718e-04
3.385150048416107893e-04
3.448117640800774097e-04
3.492382238619029522e-04
3.399956331122666597e-04
3.503279294818639755e-04
3.502014733385294676e-04
3.393607621546834707e-04
3.619475755840539932e-04
3.403342270758002996e-04
3.527589724399149418e-04
3.550866676960140467e-04
3.499837766867130995e-04
3.587075043469667435e-04
3.670109435915946960e-04
3.454393299762159586e-04
3.500802267808467150e-04
3.601628995966166258e-04
3.463899192865937948e-04
3.422206791583448648e-04
3.381678543519228697e-04
3.480757004581391811e-04
3.482619940768927336e-04
3.401725844014436007e-04
3.615189925767481327e-04
3.403536975383758545e-04
3.545197250787168741e-04
3.548637905623763800e-04
3.512080584187060595e-04
3.616493777371942997e-04
3.548660315573215485e-04
3.473359975032508373e-04
3.535543219186365604e-04
3.355542721692472696e-04
3.357417299412190914e-04
3.573358117137104273e-04
3.734583733603358269e-04
3.471257223282009363e-04
3.399962442927062511e-04
3.286474966444075108e-04
3.538641030900180340e-04
3.448153729550540447e-04
3.525884822010993958e-04
2.651090326253324747e-04
3.554610884748399258e-04
3.713882178999483585e-04
3.487189242150634527e-04
3.495287674013525248e-04
3.461300511844456196e-04
3.701540117617696524e-04
3.493580152280628681e-04
3.450619115028530359e-04
3.494513803161680698e-04
3.454848483670502901e-04
3.394188534002751112e-04
3.685984702315181494e-04
3.608924453146755695e-04
3.534647694323211908e-04
3.350909100845456123e-04
3.524667117744684219e-04
3.464428300503641367e-04
3.491421230137348175e-04
3.477331774774938822e-04
3.565301885828375816e-04
3.688547876663506031e-04
3.470420488156378269e-04
3.471207455731928349e-04
3.509444359224289656e-04
3.444175818003714085e-04
3.403357695788145065e-04
3.641222428996115923e-04
3.676413616631180048e-04
3.460673615336418152e-04
3.373558283783495426e-04
3.492003597784787416e-04
3.440394066274166107e-04
3.396916436031460762e-04
3.459948347881436348e-04
3.526112996041774750e-04
3.397935943212360144e-04
3.470476367510855198e-04
3.534240822773426771e-04
3.535199211910367012e-04
3.411237557884305716e-04
3.485739289317280054e-04
3.452895325608551502e-04
3.430866054259240627e-04
3.517427539918571711e-04
3.511074173729866743e-04
3.700764209497720003e-04
3.565847582649439573e-04
3.496880526654422283e-04
3.593721194192767143e-04
3.545705694705247879e-04
3.468719951342791319e-04
3.506023786030709743e-04
3.643812960945069790e-04
3.444442409090697765e-04
3.703897236846387386e-04
3.525617357809096575e-04
3.522984916344285011e-04
3.696016210597008467e-04
3.450588847044855356e-04
3.479272127151489258e-04
3.494169504847377539e-04
3.397355612833052874e-04
3.400375135242938995e-04
3.420981811359524727e-04
3.507473156787455082e-04
3.543767961673438549e-04
3.465428308118134737e-04
3.428726631682366133e-04
3.453192475717514753e-04
3.356306988280266523e-04
3.485155757516622543e-04
3.477269201539456844e-04
3.385528689250349998e-04
3.473020333331078291e-04
3.546884690877050161e-04
4.116742638871073723e-04
3.585983649827539921e-04
3.566982049960643053e-04
3.588067484088242054e-04
3.478226717561483383e-04
3.461269952822476625e-04
3.423783346079289913e-04
3.693215548992156982e-04
3.459316212683916092e-04
3.545540384948253632e-04
3.493104595690965652e-04
3.529954992700368166e-04
3.678086504805833101e-04
3.406257310416549444e-04
3.488768415991216898e-04
3.497207653708755970e-04
3.454701509326696396e-04
3.372537903487682343e-04
3.411965444684028625e-04
3.622513322625309229e-04
3.533890121616423130e-04
3.682086826302111149e-04
3.473632386885583401e-04
3.450871445238590240e-04
3.401647554710507393e-04
3.550890542101114988e-04
3.675930493045598269e-04
3.712261386681348085e-04
3.480801242403686047e-04
3.438534040469676256e-04
3.525554784573614597e-04
3.488702350296080112e-04
3.659859066829085350e-04
3.425425675231963396e-04
3.715371713042259216e-04
3.474216791801154613e-04
3.524350759107619524e-04
3.399710985831916332e-04
3.401511057745665312e-04
3.693897742778062820e-04
3.334104549139738083e-04
3.632804728113114834e-04
3.682860988192260265e-04
3.504547057673335075e-04
3.504027554299682379e-04
3.521151083987206221e-04
3.551232803147286177e-04
3.462568565737456083e-04
3.545013896655291319e-04
3.523761406540870667e-04
3.528279194142669439e-04
3.635864704847335815e-04
3.387744363863021135e-04
3.401360590942203999e-04
3.460034495219588280e-04
3.664731339085847139e-04
3.439187421463429928e-04
3.518043959047645330e-04
3.472756070550531149e-04
3.478074795566499233e-04
3.444594040047377348e-04
3.410376666579395533e-04
3.397346590645611286e-04
3.502301406115293503e-04
3.517587028909474611e-04
3.517089353408664465e-04
3.508230729494243860e-04
3.695594787131994963e-04
3.644418611656874418e-04
3.477430727798491716e-04
3.529300156515091658e-04
3.533428825903683901e-04
3.667684213723987341e-04
3.684733819682151079e-04
3.515928401611745358e-04
3.552933630999177694e-04
3.388241457287222147e-04
3.361381241120398045e-04
3.505597414914518595e-04
3.437254927121102810e-04
3.514603595249354839e-04
3.550468827597796917e-04
3.510941751301288605e-04
3.456019039731472731e-04
3.283127152826637030e-04
3.514362906571477652e-04
3.534941351972520351e-04
3.414048405829817057e-04
3.478720900602638721e-04
3.491184033919125795e-04
3.586855600588023663e-04
3.674202598631381989e-04
3.505653876345604658e-04
3.459524596109986305e-04
3.498664009384810925e-04
3.457726561464369297e-04
3.842900623567402363e-04
3.545306099113076925e-04
3.527872322592884302e-04
3.521910111885517836e-04
3.385143936611711979e-04
4.131171444896608591e-04
3.698076761793345213e-04
3.712645557243376970e-04
3.682140668388456106e-04
3.450470103416591883e-04
3.339481190778315067e-04
3.548430686350911856e-04
3.497238503769040108e-04
3.485615598037838936e-04
3.523633640725165606e-04
3.706443822011351585e-04
3.396732499822974205e-04
3.503221960272639990e-04
3.639672650024294853e-04
3.501224855426698923e-04
3.612366854213178158e-04
3.604562953114509583e-04
3.398029948584735394e-04
3.480261075310409069e-04
3.663362585939466953e-04
3.619888157118111849e-04
3.678445646073669195e-04
3.616933245211839676e-04
3.475262492429465055e-04
3.417636908125132322e-04
3.495629935059696436e-04
3.506129723973572254e-04
3.405648167245090008e-04
3.339942777529358864e-04
3.468307841103523970e-04
3.478170256130397320e-04
3.394329396542161703e-04
3.453637764323502779e-04
3.382299037184566259e-04
3.682575188577175140e-04
3.554692375473678112e-04
3.576575545594096184e-04
3.502748149912804365e-04
3.396963293198496103e-04
3.586840757634490728e-04
3.618003393057733774e-04
3.462843014858663082e-04
3.669904544949531555e-04
3.509741218294948339e-04
3.487519861664623022e-04
3.488806833047419786e-04
3.392617800273001194e-04
3.463892790023237467e-04
3.556727024260908365e-04
3.485537890810519457e-04
3.482599277049303055e-04
3.706730785779654980e-04
3.513427509460598230e-04
3.500443708617240191e-04
3.520651662256568670e-04
3.585087542887777090e-04
3.421145374886691570e-04
3.382931754458695650e-04
3.555975272320210934e-04
3.510641108732670546e-04
3.470596566330641508e-04
3.488091460894793272e-04
3.371979109942913055e-04
3.361922281328588724e-04
3.486049245111644268e-04
3.393341030459851027e-04
3.641897637862712145e-04
3.478706057649105787e-04
3.373753570485860109e-04
3.300291427876800299e-04
3.594674344640225172e-04
3.375782107468694448e-04
3.471924283076077700e-04
3.714660706464201212e-04
3.556779993232339621e-04
3.446044865995645523e-04
3.479122824501246214e-04
3.467898059170693159e-04
3.518147277645766735e-04
3.683585964608937502e-04
3.463253960944712162e-04
3.543505736161023378e-04
3.559123142622411251e-04
3.394818631932139397e-04
3.480719169601798058e-04
3.460701555013656616e-04
3.447919734753668308e-04
3.688595315907150507e-04
3.465381741989403963e-04
3.473825636319816113e-04
3.612348809838294983e-04
3.543833445291966200e-04
3.499305748846381903e-04
3.512721741572022438e-04
3.434555546846240759e-04
3.385274321772158146e-04
3.500945749692618847e-04
3.269924782216548920e-04
3.695345076266676188e-04
3.337497764732688665e-04
3.499055455904453993e-04
3.687829594127833843e-04
3.495073178783059120e-04
3.539668105076998472e-04
3.358749963808804750e-04
3.436793922446668148e-04
3.485849010758101940e-04
3.565364168025553226e-04
3.394126251805573702e-04
3.741063119377940893e-04
3.698064247146248817e-04
3.623997326940298080e-04
3.501591563690453768e-04
3.627446421887725592e-04
3.664309042505919933e-04
3.451278316788375378e-04
3.694169863592833281e-04
3.452155215200036764e-04
3.542895137798041105e-04
3.554002032615244389e-04
3.388506884220987558e-04
3.572680871002376080e-04
3.344525175634771585e-04
3.531400870997458696e-04
3.541630285326391459e-04
3.697977226693183184e-04
3.345964942127466202e-04
3.519370802678167820e-04
3.545403305906802416e-04
3.549667599145323038e-04
3.697503416333347559e-04
3.491842653602361679e-04
3.680296358652412891e-04
3.563876380212605000e-04
3.481744206510484219e-04
3.311649779789149761e-04
3.595841408241540194e-04
3.720277745742350817e-04
3.486262576188892126e-04
3.499850572552531958e-04
3.579537151381373405e-04
3.656500775832682848e-04
3.546626830939203501e-04
3.527191001921892166e-04
3.677758504636585712e-04
3.519125166349112988e-04
3.706359420903027058e-04
3.667703131213784218e-04
3.505593340378254652e-04
3.509315138217061758e-04
3.797101089730858803e-04
3.461262967903167009e-04
3.338073729537427425e-04
3.477686841506510973e-04
3.450618241913616657e-04
3.541109035722911358e-04
3.519365563988685608e-04
3.548519744072109461e-04
3.404206654522567987e-04
3.403676091693341732e-04
3.507689980324357748e-04
3.432076482567936182e-04
3.331131301820278168e-04
3.472579701337963343e-04
3.441839071456342936e-04
3.459404688328504562e-04
3.607825201470404863e-04
3.399320994503796101e-04
3.458357823546975851e-04
3.462181484792381525e-04
3.460915177129209042e-04
3.459972504060715437e-04
3.514672280289232731e-04
3.460059524513781071e-04
3.643655800260603428e-04
3.481532330624759197e-04
3.482524771243333817e-04
3.556530282367020845e-04
3.409454075153917074e-04
3.532150003593415022e-04
3.445362381171435118e-04
3.648077254183590412e-04
3.403484297450631857e-04
3.460635198280215263e-04
3.447756462264806032e-04
3.678971552290022373e-04
3.662210074253380299e-04
3.400995919946581125e-04
3.479169972706586123e-04
3.628577978815883398e-04
3.533961426001042128e-04
3.459017316345125437e-04
3.469949879217892885e-04
3.542681806720793247e-04
3.560464538168162107e-04
3.707868163473904133e-04
3.655192558653652668e-04
3.381735587026923895e-04
3.713749465532600880e-04
3.447924100328236818e-04
3.334423527121543884e-04
3.516824508551508188e-04
3.395696985535323620e-04
3.464381443336606026e-04
3.524723579175770283e-04
3.477500576991587877e-04
3.372129285708069801e-04
3.500044113025069237e-04
3.477664431557059288e-04
3.486080095171928406e-04
3.571627894416451454e-04
3.459449799265712500e-04
3.352680651005357504e-04
3.602888609748333693e-04
3.424985916353762150e-04
3.680054214783012867e-04
3.435907710809260607e-04
3.826841711997985840e-04
3.384518495295196772e-04
3.443227615207433701e-04
3.574492002371698618e-04
3.743912966456264257e-04
3.546283405739814043e-04
3.516571887303143740e-04
3.664391697384417057e-04
3.531536203809082508e-04
3.546667576301842928e-04
3.585871891118586063e-04
3.512090188451111317e-04
3.531413385644555092e-04
3.449346695560961962e-04
3.839263226836919785e-04
3.440963628236204386e-04
3.513047413434833288e-04
3.375407250132411718e-04
3.568867105059325695e-04
3.631177532952278852e-04
4.159469972364604473e-04
3.690446319524198771e-04
3.546782245393842459e-04
3.593176661524921656e-04
3.534581046551465988e-04
3.484692424535751343e-04
3.604032972361892462e-04
3.651895967777818441e-04
3.460911102592945099e-04
3.344048454891890287e-04
3.331430198159068823e-04
3.368692123331129551e-04
3.684969269670546055e-04
3.637400222942233086e-04
3.508459776639938354e-04
3.674163890536874533e-04
3.458486462477594614e-04
3.256499185226857662e-04
3.394680679775774479e-04
3.470019437372684479e-04
3.511648392304778099e-04
3.441563458181917667e-04
3.475710691418498755e-04
3.520300379022955894e-04
3.498151490930467844e-04
3.454630495980381966e-04
3.381605492904782295e-04
3.545899817254394293e-04
3.471641975920647383e-04
3.456929989624768496e-04
3.545526997186243534e-04
3.342603449709713459e-04
3.457860730122774839e-04
3.489163646008819342e-04
3.467960341367870569e-04
3.655227774288505316e-04
3.579145122785121202e-04
3.432414669077843428e-04
3.583003417588770390e-04
3.663167881313711405e-04
3.490814124234020710e-04
3.482064930722117424e-04
3.470336669124662876e-04
3.575535665731877089e-04
3.584716469049453735e-04
3.453131357673555613e-04
3.487725916784256697e-04
3.592504945117980242e-04
3.435845719650387764e-04
3.699969965964555740e-04
3.468083159532397985e-04
3.631341969594359398e-04
3.642927040345966816e-04
3.478289290796965361e-04
3.405883035156875849e-04
3.696616331581026316e-04
3.323164128232747316e-04
3.576750459615141153e-04
3.555987495929002762e-04
3.526977670844644308e-04
3.839597338810563087e-04
3.379735862836241722e-04
3.493832191452383995e-04
3.537051961757242680e-04
3.398293629288673401e-04
3.520807367749512196e-04
3.453980025369673967e-04
3.687923308461904526e-04
3.386477183084934950e-04
3.722562687471508980e-04
3.522355982568114996e-04
3.409279452171176672e-04
3.664617834147065878e-04
3.468309587333351374e-04
3.509975213091820478e-04
3.501593891996890306e-04
3.525456413626670837e-04
3.552275302354246378e-04
3.533400886226445436e-04
3.489160735625773668e-04
3.512081457301974297e-04
3.540937323123216629e-04
3.481478197500109673e-04
3.588647523429244757e-04
3.525584470480680466e-04
3.492953546810895205e-04
3.471224918030202389e-04
3.545414656400680542e-04
3.470510127954185009e-04
3.545507497619837523e-04
3.456816484685987234e-04
3.489719238132238388e-04
3.721627581398934126e-04
3.685558913275599480e-04
3.537760640028864145e-04
3.690172161441296339e-04
3.667128621600568295e-04
3.667996788863092661e-04
3.695271443575620651e-04
3.530501853674650192e-04
3.438281419221311808e-04
3.380800771992653608e-04
3.401975554879754782e-04
3.268996952101588249e-04
3.522265469655394554e-04
3.594842855818569660e-04
3.377044922672212124e-04
3.490614180918782949e-04
3.688666038215160370e-04
3.525552165228873491e-04
3.395207459107041359e-04
3.531582478899508715e-04
3.480555315036326647e-04
3.645896795205771923e-04
3.511957766022533178e-04
3.397236869204789400e-04
3.404339076951146126e-04
3.461703308857977390e-04
3.533168637659400702e-04
3.514977870509028435e-04
3.399543347768485546e-04
3.525350475683808327e-04
3.437058185227215290e-04
3.485452907625585794e-04
3.900646115653216839e-04
3.543147759046405554e-04
3.458355786278843880e-04
3.397792170289903879e-04
3.314584901090711355e-04
3.470238298177719116e-04
3.479470033198595047e-04
3.485220950096845627e-04
3.567471285350620747e-04
3.381915448699146509e-04
3.464216715656220913e-04
3.616847679950296879e-04
3.463538596406579018e-04
3.499552258290350437e-04
3.682018432300537825e-04
3.677037020679563284e-04
3.585325321182608604e-04
3.464867477305233479e-04
3.544560167938470840e-04
3.452546079643070698e-04
3.398006083443760872e-04
3.443651658017188311e-04
3.444428148213773966e-04
3.474563418421894312e-04
3.523401392158120871e-04
3.455038822721689939e-04
3.569347318261861801e-04
3.531874972395598888e-04
3.482761967461556196e-04
3.708334697876125574e-04
3.382115392014384270e-04
3.464895999059081078e-04
3.400479035917669535e-04
3.528689849190413952e-04
3.546986845321953297e-04
3.410090866964310408e-04
3.430232463870197535e-04
3.687407297547906637e-04
3.544131177477538586e-04
3.292322508059442043e-04
3.398710978217422962e-04
3.393678343854844570e-04
3.472453681752085686e-04
3.470478986855596304e-04
3.486988134682178497e-04
3.561174671631306410e-04
3.481286403257399797e-04
3.391293867025524378e-04
3.433475794736295938e-04
3.867167106363922358e-04
3.390528727322816849e-04
3.350549668539315462e-04
3.854169626720249653e-04
3.513740375638008118e-04
3.510650712996721268e-04
3.327934246044605970e-04
3.501991450320929289e-04
3.399558772798627615e-04
3.460220177657902241e-04
3.490624949336051941e-04
3.532070259097963572e-04
3.451531811151653528e-04
3.543411439750343561e-04
3.551601548679172993e-04
3.632527077570557594e-04
3.650347352959215641e-04
3.432943485677242279e-04
3.454010293353348970e-04
3.413926169741898775e-04
3.465033369138836861e-04
3.577355528250336647e-04
3.343754215165972710e-04
3.597646718844771385e-04
3.456026606727391481e-04
3.437452542129904032e-04
3.622642252594232559e-04
3.509891685098409653e-04
3.535288269631564617e-04
3.557264863047748804e-04
3.500028396956622601e-04
3.454758552834391594e-04
3.665689146146178246e-04
3.360004047863185406e-04
3.490637755021452904e-04
3.390647470951080322e-04
3.508362860884517431e-04
3.508802037686109543e-04
3.559027973096817732e-04
3.374642110429704189e-04
3.620784555096179247e-04
3.643729723989963531e-04
3.447430499363690615e-04
3.519915044307708740e-04
3.590760170482099056e-04
3.552724374458193779e-04
3.488059737719595432e-04
3.499507438391447067e-04
3.564329526852816343e-04
3.694212355185300112e-04
3.550710680428892374e-04
3.428594500292092562e-04
3.463315078988671303e-04
3.491927345748990774e-04
3.454890684224665165e-04
3.644302778411656618e-04
3.558925236575305462e-04
3.390522324480116367e-04
3.635807661339640617e-04
4.133875190746039152e-04
3.490746021270751953e-04
3.562084166333079338e-04
3.500536258798092604e-04
3.459106956142932177e-04
3.547096566762775183e-04
3.550536348484456539e-04
3.496753051877021790e-04
3.464467590674757957e-04
3.476370475254952908e-04
3.392787766642868519e-04
3.511694958433508873e-04
3.674599574878811836e-04
3.461938467808067799e-04
3.407432232052087784e-04
3.534275456331670284e-04
3.385255404282361269e-04
3.427144256420433521e-04
3.513140545692294836e-04
3.462274908088147640e-04
3.479557344689965248e-04
3.404449671506881714e-04
3.414535894989967346e-04
3.468910290393978357e-04
3.407520416658371687e-04
3.534534480422735214e-04
3.579480689950287342e-04
3.501761821098625660e-04
3.707034338731318712e-04
3.476602432783693075e-04
3.672569291666150093e-04
3.188913979101926088e-04
3.556310548447072506e-04
3.495500131975859404e-04
3.401454014237970114e-04
3.506857028696686029e-04
3.616012400016188622e-04
3.524020430631935596e-04
3.430721117183566093e-04
3.489285300020128489e-04
3.593084111344069242e-04
3.377515531610697508e-04
3.530524554662406445e-04
3.483602777123451233e-04
3.444955218583345413e-04
3.401371941436082125e-04
3.451195079833269119e-04
3.463613102212548256e-04
3.395232197362929583e-04
3.486203495413064957e-04
3.560788754839450121e-04
3.470707451924681664e-04
3.400088753551244736e-04
4.174337373115122318e-04
3.486305358819663525e-04
3.467035421635955572e-04
3.397164400666952133e-04
3.444986941758543253e-04
3.384813899174332619e-04
3.633327723946422338e-04
3.548486856743693352e-04
3.383131697773933411e-04
3.379312984179705381e-04
3.290083550382405519e-04
3.530562971718609333e-04
3.580483025871217251e-04
3.378780384082347155e-04
3.506318898871541023e-04
3.381165442988276482e-04
3.452991950325667858e-04
3.442629531491547823e-04
3.382743161637336016e-04
3.588765684980899096e-04
3.699060762301087379e-04
3.476208657957613468e-04
3.406801552046090364e-04
3.564094367902725935e-04
3.454436373431235552e-04
3.389792691450566053e-04
3.360948758199810982e-04
3.505732456687837839e-04
3.456296690274029970e-04
3.465783665888011456e-04
3.484175540506839752e-04
3.403722657822072506e-04
3.375521337147802114e-04
3.375319938641041517e-04
3.572673595044761896e-04
3.678623179439455271e-04
3.500602906569838524e-04
3.515215648803859949e-04
3.474866680335253477e-04
3.493331023491919041e-04
3.376698878128081560e-04
3.590025007724761963e-04
3.527070221025496721e-04
3.482720348984003067e-04
3.646865661721676588e-04
3.555283183231949806e-04
3.520598402246832848e-04
3.595679008867591619e-04
3.340193652547895908e-04
3.480870218481868505e-04
3.542062186170369387e-04
3.391321224626153708e-04
3.674444451462477446e-04
3.673570172395557165e-04
3.494774864520877600e-04
3.518534649629145861e-04
3.435732214711606503e-04
3.468148061074316502e-04
3.335909568704664707e-04
3.683942486532032490e-04
3.614698944147676229e-04
3.562362689990550280e-04
3.481873136479407549e-04
3.332524502184242010e-04
3.485106572043150663e-04
3.506229841150343418e-04
3.681773960124701262e-04
3.469485091045498848e-04
3.497146244626492262e-04
3.536384610924869776e-04
3.429132339078933001e-04
3.457478887867182493e-04
3.403854498174041510e-04
3.559039032552391291e-04
3.511306713335216045e-04
3.446283226367086172e-04
3.511808172333985567e-04
3.593925503082573414e-04
3.569416294340044260e-04
3.691978927236050367e-04
3.459249564912170172e-04
3.463109605945646763e-04
3.366500604897737503e-04
3.514386480674147606e-04
3.502327890601009130e-04
3.387314209248870611e-04
3.512130933813750744e-04
3.485068737063556910e-04
3.299654636066406965e-04
3.636324836406856775e-04
3.563186328392475843e-04
3.391711215954273939e-04
3.389721096027642488e-04
3.516054712235927582e-04
3.649560967460274696e-04
3.443076275289058685e-04
3.403800074011087418e-04
3.326865553390234709e-04
3.467489732429385185e-04
3.413874947000294924e-04
3.406046598684042692e-04
3.432205703575164080e-04
3.495233831927180290e-04
3.518279117997735739e-04
3.462785098236054182e-04
3.486547502689063549e-04
3.496779536362737417e-04
3.423263842705637217e-04
3.518913581501692533e-04
3.553145215846598148e-04
3.376472741365432739e-04
3.374680236447602510e-04
3.487886569928377867e-04
3.524789935909211636e-04
3.414015809539705515e-04
3.500916645862162113e-04
3.537123848218470812e-04
3.675722982734441757e-04
3.497530997265130281e-04
3.479900478851050138e-04
3.417044645175337791e-04
3.390444617252796888e-04
3.395175444893538952e-04
3.478451108094304800e-04
3.399393463041633368e-04
3.402135334908962250e-04
3.577757452148944139e-04
3.456592676229774952e-04
3.493156109470874071e-04
3.584754886105656624e-04
3.463069151621311903e-04
3.394686791580170393e-04
3.517835866659879684e-04
3.585983940865844488e-04
3.555505245458334684e-04
3.402381262276321650e-04
3.506065695546567440e-04
3.466767375357449055e-04
3.663965326268225908e-04
3.437178675085306168e-04
3.475984558463096619e-04
3.565677907317876816e-04
3.556449955794960260e-04
3.406720643397420645e-04
3.464801702648401260e-04
3.369269252289086580e-04
3.402258153073489666e-04
3.695569466799497604e-04
3.741115797311067581e-04
3.509263915475457907e-04
3.232260351069271564e-04
3.448598436079919338e-04
3.479403385426849127e-04
3.440704313106834888e-04
4.130532906856387854e-04
3.433286328800022602e-04
3.605159581638872623e-04
3.508444351609796286e-04
3.572243731468915939e-04
3.505423374008387327e-04
3.535837749950587749e-04
3.622762742452323437e-04
3.556757583282887936e-04
3.512502589728683233e-04
3.481006715446710587e-04
3.472335520200431347e-04
3.693081962410360575e-04
3.662644012365490198e-04
3.654155880212783813e-04
3.550838155206292868e-04
3.512940020300447941e-04
3.457366256043314934e-04
3.583036886993795633e-04
3.542690246831625700e-04
3.641957300715148449e-04
3.390966157894581556e-04
3.461305750533938408e-04
3.642564115580171347e-04
3.623012744355946779e-04
3.507788642309606075e-04
3.473357064649462700e-04
3.508127992972731590e-04
3.272729518357664347e-04
4.221874696668237448e-04
3.706052084453403950e-04
3.571764973457902670e-04
3.556329174898564816e-04
3.498327569104731083e-04
3.701921377796679735e-04
3.457274287939071655e-04
3.558640019036829472e-04
3.463323519099503756e-04
3.463323519099503756e-04
3.608864790294319391e-04
3.506657376419752836e-04
3.384353476576507092e-04
3.562528872862458229e-04
3.521134494803845882e-04
3.397597174625843763e-04
3.458424762357026339e-04
3.538054588716477156e-04
3.373153449501842260e-04
3.487061767373234034e-04
3.435541002545505762e-04
3.521051257848739624e-04
3.560997138265520334e-04
3.568818792700767517e-04
3.495361597742885351e-04
3.433402162045240402e-04
3.606288519222289324e-04
3.648659330792725086e-04
3.479626320768147707e-04
3.569462278392165899e-04
3.403535520192235708e-04
3.438457206357270479e-04
3.399898996576666832e-04
3.660894290078431368e-04
3.388233890291303396e-04
3.514586423989385366e-04
3.665285184979438782e-04
3.487699141260236502e-04
3.405352181289345026e-04
3.715496859513223171e-04
3.491615061648190022e-04
3.460724256001412868e-04
3.515029093250632286e-04
3.711215977091342211e-04
3.531363036017864943e-04
3.515951684676110744e-04
3.408812335692346096e-04
3.472767421044409275e-04
3.527832450345158577e-04
3.383657603990286589e-04
3.456533886492252350e-04
3.482660104054957628e-04
3.553656279109418392e-04
3.529624955262988806e-04
3.467403003014624119e-04
3.455974510870873928e-04
3.635852772276848555e-04
3.639641217887401581e-04
3.452358650974929333e-04
3.390409110579639673e-04
3.460059233475476503e-04
3.495930286590009928e-04
3.458652936387807131e-04
3.516160359140485525e-04
3.616073518060147762e-04
3.544197825249284506e-04
3.428038908168673515e-04
3.688625292852520943e-04
3.709642332978546619e-04
3.606858663260936737e-04
3.443708701524883509e-04
3.705043345689773560e-04
3.369726473465561867e-04
3.522763145156204700e-04
3.400259884074330330e-04
3.560975310392677784e-04
3.693752514664083719e-04
3.401009889785200357e-04
3.369541955180466175e-04
3.499663143884390593e-04
3.443981695454567671e-04
3.404422895982861519e-04
3.574817383196204901e-04
3.461580781731754541e-04
3.478179860394448042e-04
3.497195139061659575e-04
3.523601335473358631e-04
3.396087267901748419e-04
3.535822324920445681e-04
3.464379988145083189e-04
3.506577922962605953e-04
3.625889657996594906e-04
3.518594021443277597e-04
3.476804995443671942e-04
3.717087674885988235e-04
3.518892917782068253e-04
3.451605443842709064e-04
3.628920530900359154e-04
3.397425170987844467e-04
3.501203027553856373e-04
3.404144081287086010e-04
3.410814679227769375e-04
3.403408336453139782e-04
3.590894630178809166e-04
3.485970082692801952e-04
3.488426445983350277e-04
3.397444088477641344e-04
3.586273232940584421e-04
3.495769924484193325e-04
3.570375847630202770e-04
3.355096851009875536e-04
3.654240281321108341e-04
3.558929893188178539e-04
3.470444062259048223e-04
3.588011604733765125e-04
3.451999218668788671e-04
2.962124999612569809e-04
3.564749786164611578e-04
3.439377178438007832e-04
3.465126792434602976e-04
3.448174393270164728e-04
3.511304676067084074e-04
3.405061725061386824e-04
3.659524372778832912e-04
3.495802811812609434e-04
3.465489717200398445e-04
3.457748389337211847e-04
4.286401381250470877e-04
3.488967777229845524e-04
3.650530998129397631e-04
3.439534339122474194e-04
3.398396365810185671e-04
3.398872504476457834e-04
3.589146654121577740e-04
3.694938786793500185e-04
3.475885605439543724e-04
3.398438275326043367e-04
3.447975323069840670e-04
3.352013300172984600e-04
3.522240731399506330e-04
3.484543412923812866e-04
3.483271575532853603e-04
3.453303943388164043e-04
4.115925694350153208e-04
3.259139484725892544e-04
3.508409718051552773e-04
3.500980965327471495e-04
3.560044278856366873e-04
3.553257265593856573e-04
3.538880264386534691e-04
3.630329447332769632e-04
3.507029614411294460e-04
3.450714284554123878e-04
3.672472084872424603e-04
3.390668716747313738e-04
3.437697596382349730e-04
3.480263694655150175e-04
3.471596573945134878e-04
3.509130619931966066e-04
3.498469595797359943e-04
3.446461632847785950e-04
3.382134018465876579e-04
3.525152860675007105e-04
3.564213402569293976e-04
3.700218221638351679e-04
3.535076684784144163e-04
3.365895827300846577e-04
3.506284847389906645e-04
3.403354494366794825e-04
3.316397778689861298e-04
3.450578951742500067e-04
3.362604475114494562e-04
3.536544099915772676e-04
3.472704847808927298e-04
3.574849688448011875e-04
3.512805560603737831e-04
3.311766486149281263e-04
3.483417967800050974e-04
3.487982612568885088e-04
3.470432420726865530e-04
3.483405744191259146e-04
3.529975365381687880e-04
3.452703531365841627e-04
3.673512546811252832e-04
3.617062175180763006e-04
3.558144380804151297e-04
3.485113848000764847e-04
3.653215244412422180e-04
3.487604553811252117e-04
4.143124970141798258e-04
3.478893486317247152e-04
3.397188265807926655e-04
3.635666798800230026e-04
3.672751190606504679e-04
3.602022770792245865e-04
3.377756511326879263e-04
3.516850410960614681e-04
3.470226656645536423e-04
3.500257153064012527e-04
3.430079377721995115e-04
3.534867137204855680e-04
3.698963264469057322e-04
3.396485117264091969e-04
3.690472804009914398e-04
3.722374094650149345e-04
3.384682349860668182e-04
3.352518833708018064e-04
3.535747237037867308e-04
3.479703445918858051e-04
3.493824042379856110e-04
3.672668244689702988e-04
3.366892633493989706e-04
3.488539077807217836e-04
3.329830651637166739e-04
3.374594089109450579e-04
3.492139803711324930e-04
3.530411049723625183e-04
3.440925502218306065e-04
3.534157876856625080e-04
3.445674665272235870e-04
3.678689245134592056e-04
3.699071239680051804e-04
3.827522450592368841e-04
3.496738791000097990e-04
3.392439393792301416e-04
3.512014227453619242e-04
3.552982525434345007e-04
3.369608602952212095e-04
3.368680481798946857e-04
3.393040678929537535e-04
3.519043093547224998e-04
3.490625822450965643e-04
3.389873600099235773e-04
3.517427539918571711e-04
3.537201264407485723e-04
3.660282527562230825e-04
3.476518031675368547e-04
3.586967650335282087e-04
3.520393511280417442e-04
3.411408979445695877e-04
3.313230408821254969e-04
3.682244860101491213e-04
3.399112029001116753e-04
3.509595699142664671e-04
3.435875114519149065e-04
3.577243769541382790e-04
3.557942109182476997e-04
3.399844281375408173e-04
3.704538976307958364e-04
3.392064536456018686e-04
3.488713991828262806e-04
3.804151783697307110e-04
3.623206284828484058e-04
3.390742931514978409e-04
3.614874149207025766e-04
3.453931421972811222e-04
3.512647526804357767e-04
3.565393853932619095e-04
3.447082126513123512e-04
3.473659453447908163e-04
3.464990004431456327e-04
3.398523840587586164e-04
3.550345718394964933e-04
3.941642062272876501e-04
3.275457420386373997e-04
3.456906706560403109e-04
3.274375922046601772e-04
3.550569235812872648e-04
3.449152864050120115e-04
3.351822379045188427e-04
3.531382244545966387e-04
3.498901496641337872e-04
3.484765475150197744e-04
3.446926421020179987e-04
3.461783926468342543e-04
3.397490945644676685e-04
3.480934828985482454e-04
3.368730540387332439e-04
3.643339732661843300e-04
3.523695049807429314e-04
3.410259669180959463e-04
3.518120502121746540e-04
3.400946734473109245e-04
3.522966289892792702e-04
3.587606188375502825e-04
3.502079634927213192e-04
3.636362089309841394e-04
3.518940357025712729e-04
3.536614822223782539e-04
3.339777176734060049e-04
3.588332619983702898e-04
3.406967734917998314e-04
3.614148881752043962e-04
3.496867720969021320e-04
3.510121896397322416e-04
3.386076714377850294e-04
3.390025522094219923e-04
3.485515189822763205e-04
3.394116647541522980e-04
3.390698984730988741e-04
3.563382197171449661e-04
3.482806787360459566e-04
3.434614045545458794e-04
3.489946830086410046e-04
3.680087684188038111e-04
3.607751568779349327e-04
3.322904813103377819e-04
3.707128926180303097e-04
3.666553529910743237e-04
3.443993045948445797e-04
3.395595122128725052e-04
3.708365838974714279e-04
3.515516873449087143e-04
3.465084591880440712e-04
3.447275084909051657e-04
3.441807348281145096e-04
3.380367415957152843e-04
3.538996970746666193e-04
3.399205452296882868e-04
3.526143264025449753e-04
3.387378237675875425e-04
3.546122170519083738e-04
3.480198793113231659e-04
3.340136609040200710e-04
3.556246228981763124e-04
3.445332404226064682e-04
3.469471412245184183e-04
3.411143552511930466e-04
3.179781488142907619e-04
3.272179164923727512e-04
3.553905407898128033e-04
3.450067888479679823e-04
3.560724726412445307e-04
3.550024412106722593e-04
3.469735966064035892e-04
3.695020277518779039e-04
3.478000580798834562e-04
3.686130803544074297e-04
3.476556157693266869e-04
3.397293330635875463e-04
3.389858757145702839e-04
3.494086849968880415e-04
3.408853663131594658e-04
3.381489659659564495e-04
3.689159057103097439e-04
3.395334933884441853e-04
3.569590335246175528e-04
3.570450353436172009e-04
3.393556398805230856e-04
3.687206190079450607e-04
3.521980252116918564e-04
3.524981439113616943e-04
3.866032056976109743e-04
3.482222382444888353e-04
3.694512706715613604e-04
3.718271327670663595e-04
3.590098931454122066e-04
3.699933877214789391e-04
3.639986389316618443e-04
3.492860705591738224e-04
3.522175538819283247e-04
3.553738642949610949e-04
3.475889679975807667e-04
3.474021505098789930e-04
3.547820961102843285e-04
3.498249570839107037e-04
3.351056366227567196e-04
3.698545624502003193e-04
3.675500338431447744e-04
3.632375155575573444e-04
3.391779318917542696e-04
3.356644883751869202e-04
3.456909034866839647e-04
3.699153021443635225e-04
3.467542701400816441e-04
3.397558175493031740e-04
3.493397671263664961e-04
3.498003352433443069e-04
3.508006921038031578e-04
3.683480899780988693e-04
3.502533945720642805e-04
3.502690815366804600e-04
3.448484349064528942e-04
3.512947296258062124e-04
3.397245018277317286e-04
3.561810008250176907e-04
3.480528830550611019e-04
3.576095041353255510e-04
3.709162119776010513e-04
3.675263433251529932e-04
3.473028482403606176e-04
3.558671742212027311e-04
3.485308552626520395e-04
3.654111351352185011e-04
3.689696022775024176e-04
3.541573241818696260e-04
3.463554603513330221e-04
3.362400166224688292e-04
3.550119872670620680e-04
3.393945517018437386e-04
3.618549380917102098e-04
3.488508518785238266e-04
3.658667847048491240e-04
3.568736719898879528e-04
3.492461692076176405e-04
3.474528784863650799e-04
3.724429989233613014e-04
3.464878245722502470e-04
3.345459408592432737e-04
3.499437007121741772e-04
3.521645558066666126e-04
3.529788809828460217e-04
3.559587057679891586e-04
3.393943188712000847e-04
3.394935338292270899e-04
3.464804904069751501e-04
3.647069388534873724e-04
3.686000418383628130e-04
3.511038084980100393e-04
3.640338836703449488e-04
3.491138631943613291e-04
3.520594618748873472e-04
3.489163646008819342e-04
3.550699038896709681e-04
3.578233008738607168e-04
3.530383692122995853e-04
3.377905522938817739e-04
3.472354437690228224e-04
3.579142794478684664e-04
3.557845193427056074e-04
3.518261946737766266e-04
3.560654877219349146e-04
3.387672768440097570e-04
3.401931899134069681e-04
3.484364133328199387e-04
3.594756708480417728e-04
3.607071703299880028e-04
3.696175699587911367e-04
4.254812956787645817e-04
3.472786629572510719e-04
3.465756890363991261e-04
3.465518238954246044e-04
3.521479666233062744e-04
3.598886542022228241e-04
3.528335655573755503e-04
3.531477414071559906e-04
3.466944035608321428e-04
3.535445139277726412e-04
3.520198515616357327e-04
3.547837259247899055e-04
3.552566340658813715e-04
3.569237887859344482e-04
3.555947623681277037e-04
3.332359192427247763e-04
3.638472699094563723e-04
3.462765016593039036e-04
3.431683871895074844e-04
3.473275282885879278e-04
3.701726964209228754e-04
3.602210199460387230e-04
3.377342363819479942e-04
3.370457270648330450e-04
3.392398357391357422e-04
3.744779969565570354e-04
3.456591512076556683e-04
3.484081826172769070e-04
3.404285525903105736e-04
3.396816318854689598e-04
3.545006911735981703e-04
3.538898308761417866e-04
3.530111280269920826e-04
3.494577540550380945e-04
3.493377007544040680e-04
3.391808422747999430e-04
3.708069561980664730e-04
3.525800420902669430e-04
3.460423904471099377e-04
3.404497401788830757e-04
3.549736284185200930e-04
3.512993571348488331e-04
3.400490386411547661e-04
3.655141044873744249e-04
3.726727154571563005e-04
3.536455915309488773e-04
3.700648667290806770e-04
3.545337240211665630e-04
3.415214305277913809e-04
3.632915613707154989e-04
3.505548811517655849e-04
3.327723825350403786e-04
3.615807800088077784e-04
3.555329458322376013e-04
3.519092861097306013e-04
3.476183628663420677e-04
3.565781516954302788e-04
3.426392504479736090e-04
3.458958235569298267e-04
3.391034551896154881e-04
3.616213216446340084e-04
3.498826408758759499e-04
3.489431110210716724e-04
3.428158233873546124e-04
3.478673461358994246e-04
3.633751475717872381e-04
3.694996412377804518e-04
3.554530267138034105e-04
3.424540336709469557e-04
3.493068506941199303e-04
3.393189981579780579e-04
3.361217968631535769e-04
3.719506494235247374e-04
3.518979356158524752e-04
3.343889256939291954e-04
3.537383454386144876e-04
3.445486945565789938e-04
3.443892637733370066e-04
3.534312127158045769e-04
3.412182559259235859e-04
3.706692950800061226e-04
3.566440718714147806e-04
3.371011989656835794e-04
3.446488990448415279e-04
3.526083019096404314e-04
3.465413174126297235e-04
3.608937549870461226e-04
3.503898915369063616e-04
3.697890206240117550e-04
3.399220295250415802e-04
3.391164063941687346e-04
3.368054458405822515e-04
3.544137871358543634e-04
3.383786242920905352e-04
3.473325923550873995e-04
3.648283891379833221e-04
3.464954788796603680e-04
3.655953332781791687e-04
3.436509578023105860e-04
3.525789361447095871e-04
3.640037612058222294e-04
3.520437458064407110e-04
3.552215930540114641e-04
3.535322321113198996e-04
3.459002473391592503e-04
3.527505032252520323e-04
3.507511864881962538e-04
3.349329053889960051e-04
3.471009840723127127e-04
3.772252239286899567e-04
3.399803244974464178e-04
3.513630072120577097e-04
3.370453487150371075e-04
3.527037042658776045e-04
3.502762410789728165e-04
3.458523133303970098e-04
3.710435703396797180e-04
3.605328092817217112e-04
3.564201761037111282e-04
3.496968711260706186e-04
3.446948539931327105e-04
3.501110768411308527e-04
3.397805558051913977e-04
3.638496273197233677e-04
3.410335048101842403e-04
3.542338672559708357e-04
3.562923520803451538e-04
3.621217038016766310e-04
3.594363224692642689e-04
3.448391216807067394e-04
3.537502198014408350e-04
3.466334601398557425e-04
3.549609973561018705e-04
3.540692559909075499e-04
3.493081894703209400e-04
3.476744459476321936e-04
3.490194212645292282e-04
3.365167649462819099e-04
3.718744264915585518e-04
3.491258248686790466e-04
3.492486139293760061e-04
3.362227289471775293e-04
3.399139968678355217e-04
3.440997388679534197e-04
3.519078309182077646e-04
3.658783680293709040e-04
3.632945881690829992e-04
3.713431651704013348e-04
3.692120371852070093e-04
3.822582366410642862e-04
3.554569848347455263e-04
3.535378491505980492e-04
3.456905542407184839e-04
3.516253491397947073e-04
3.663845709525048733e-04
3.565016377251595259e-04
3.443047171458601952e-04
3.687566786538809538e-04
3.592082939576357603e-04
3.381627611815929413e-04
3.504271444398909807e-04
3.466235357336699963e-04
3.397868422325700521e-04
3.460547886788845062e-04
3.516451979521661997e-04
3.577176248654723167e-04
3.579695185180753469e-04
3.475717094261199236e-04
3.459230065345764160e-04
3.638355992734432220e-04
3.384453884791582823e-04
3.695390478242188692e-04
3.405538445804268122e-04
3.472726675681769848e-04
3.696769126690924168e-04
3.572861896827816963e-04
3.559533215593546629e-04
3.372619103174656630e-04
3.439927240833640099e-04
3.566480299923568964e-04
3.407041367609053850e-04
3.706811694428324699e-04
3.512253460939973593e-04
3.672350721899420023e-04
3.582105564419180155e-04
3.724502457771450281e-04
3.532148548401892185e-04
3.497780999168753624e-04
3.599630144890397787e-04
3.672034363262355328e-04
3.601911012083292007e-04
3.661857626866549253e-04
3.389857010915875435e-04
3.534496645443141460e-04
3.679669171106070280e-04
3.466912021394819021e-04
3.381937276571989059e-04
3.656616900116205215e-04
3.521401667967438698e-04
3.586521779652684927e-04
3.548329696059226990e-04
3.405216266401112080e-04
3.478886210359632969e-04
3.485224442556500435e-04
3.456471313256770372e-04
3.555685107130557299e-04
3.337681409902870655e-04
3.557373420335352421e-04
3.484714252408593893e-04
3.500798193272203207e-04
3.508496738504618406e-04
3.681509697344154119e-04
3.848741180263459682e-04
3.405353345442563295e-04
3.546751977410167456e-04
3.505982749629765749e-04
3.488911897875368595e-04
3.549368993844836950e-04
3.517422883305698633e-04
3.552852140273898840e-04
3.439960710238665342e-04
3.476365527603775263e-04
3.469850926194339991e-04
3.336117661092430353e-04
3.468880313448607922e-04
3.690505109261721373e-04
3.486053028609603643e-04
3.400701098144054413e-04
3.484197659417986870e-04
3.471781092230230570e-04
3.561724151950329542e-04
3.557678137440234423e-04
3.620203933678567410e-04
3.369531186763197184e-04
3.674745676107704639e-04
3.435877733863890171e-04
3.687400312628597021e-04
3.399210108909755945e-04
3.371278289705514908e-04
3.497684665489941835e-04
3.497622383292764425e-04
3.548370441421866417e-04
3.374489024281501770e-04
3.401158610358834267e-04
3.461628220975399017e-04
3.693659673444926739e-04
3.518381272442638874e-04
3.495035634841769934e-04
3.696791245602071285e-04
3.528892702888697386e-04
3.455744008533656597e-04
3.505038621369749308e-04
3.704252303577959538e-04
3.475716221146285534e-04
3.490822855383157730e-04
3.546228981576859951e-04
3.457653219811618328e-04
3.679705259855836630e-04
3.684667753987014294e-04
3.570826374925673008e-04
3.498048172332346439e-04
3.691074671223759651e-04
3.631831204984337091e-04
3.671089070849120617e-04
3.571646811906248331e-04
3.529835958033800125e-04
3.695566265378147364e-04
3.423834277782589197e-04
3.295686037745326757e-04
3.505029308144003153e-04
3.484760818537324667e-04
3.496122953947633505e-04
3.499265294522047043e-04
3.396249085199087858e-04
3.647947160061448812e-04
3.523002669680863619e-04
3.492110990919172764e-04
3.548452805262058973e-04
3.314590721856802702e-04
3.400241257622838020e-04
3.399839333724230528e-04
3.484469780232757330e-04
3.532235859893262386e-04
3.461466112639755011e-04
3.456900012679398060e-04
3.378324036020785570e-04
3.517511941026896238e-04
3.489064692985266447e-04
3.534461138769984245e-04
3.678862121887505054e-04
3.323532291688024998e-04
3.540842735674232244e-04
3.625619574449956417e-04
3.457398270256817341e-04
3.508222580421715975e-04
3.392156213521957397e-04
3.442198212724179029e-04
3.570340049918740988e-04
3.475091361906379461e-04
3.517140867188572884e-04
3.492082178127020597e-04
3.513721167109906673e-04
3.476306446827948093e-04
3.400912682991474867e-04
3.478387661743909121e-04
3.680003574118018150e-04
3.876874397974461317e-04
3.575033042579889297e-04
3.518415323924273252e-04
3.309962339699268341e-04
3.675848420243710279e-04
3.429639618843793869e-04
3.474934201221913099e-04
3.450220683589577675e-04
3.473661781754344702e-04
3.399831475690007210e-04
3.720498934853821993e-04
3.384301962796598673e-04
3.475591947790235281e-04
3.609066479839384556e-04
3.475585835985839367e-04
3.641289658844470978e-04
3.380301350262016058e-04
3.706512216012924910e-04
3.507778747007250786e-04
3.401651920285075903e-04
3.500882594380527735e-04
3.512395778670907021e-04
3.486414207145571709e-04
3.399697015993297100e-04
3.586989769246429205e-04
3.261955280322581530e-04
3.463092725723981857e-04
3.541935002431273460e-04
3.552668495103716850e-04
3.509272355586290359e-04
3.561169723980128765e-04
3.660709189716726542e-04
3.643515519797801971e-04
3.596174065023660660e-04
3.789940674323588610e-04
3.454605175647884607e-04
3.495314449537545443e-04
3.641574585344642401e-04
3.305394202470779419e-04
3.417897969484329224e-04
3.383473667781800032e-04
3.397552645765244961e-04
3.439843130763620138e-04
3.575106966309249401e-04
3.338072565384209156e-04
3.550024412106722593e-04
3.495572309475392103e-04
3.719654050655663013e-04
3.503588086459785700e-04
3.376909298822283745e-04
3.698945220094174147e-04
3.371365601196885109e-04
3.460025181993842125e-04
3.519156016409397125e-04
3.323027340229600668e-04
3.481796593405306339e-04
3.561759367585182190e-04
3.405687748454511166e-04
3.421540604904294014e-04
3.702242102008312941e-04
3.467816568445414305e-04
3.699560475070029497e-04
3.672829479910433292e-04
3.524059138726443052e-04
3.658855566754937172e-04
3.675374900922179222e-04
3.576014714781194925e-04
3.463797620497643948e-04
3.500551683828234673e-04
3.577466704882681370e-04
3.481162420939654112e-04
3.492960531730204821e-04
3.501037426758557558e-04
3.530048415996134281e-04
3.379716654308140278e-04
3.354272048454731703e-04
3.671862359624356031e-04
3.456650883890688419e-04
3.543961502145975828e-04
3.499122976791113615e-04
3.556473529897630215e-04
3.404551243875175714e-04
3.493685799185186625e-04
3.659849171526730061e-04
3.469740331638604403e-04
3.750548639800399542e-04
3.525929932948201895e-04
3.493769327178597450e-04
3.466409980319440365e-04
3.383455332368612289e-04
3.426327602937817574e-04
3.446093178354203701e-04
3.516369615681469440e-04
3.483199980109930038e-04
3.418103151489049196e-04
3.681883681565523148e-04
3.949344973079860210e-04
3.689302538987249136e-04
3.439619322307407856e-04
3.447711933404207230e-04
3.476216807030141354e-04
3.404997696634382010e-04
3.686756244860589504e-04
3.556903102435171604e-04
3.646039695013314486e-04
3.552679263520985842e-04
3.661477821879088879e-04
3.504389314912259579e-04
3.469822113402187824e-04
3.475488047115504742e-04
3.383428265806287527e-04
3.720743989106267691e-04
3.474413824733346701e-04
3.346628800500184298e-04
3.507808432914316654e-04
3.482245956547558308e-04
3.630136488936841488e-04
3.391614882275462151e-04
3.456900885794311762e-04
3.675364132504910231e-04
3.496836288832128048e-04
3.544355276972055435e-04
3.666381817311048508e-04
3.536711446940898895e-04
3.524520143400877714e-04
3.475557314231991768e-04
3.649278951343148947e-04
3.390901838429272175e-04
3.474601253401488066e-04
3.567600215319544077e-04
3.710982564371079206e-04
3.710123710334300995e-04
3.494132834021002054e-04
3.526406362652778625e-04
3.399470006115734577e-04
3.522282349877059460e-04
3.744087880477309227e-04
3.454865363892167807e-04
3.480490122456103563e-04
3.456092963460832834e-04
3.560266923159360886e-04
3.500317980069667101e-04
3.552784037310630083e-04
3.649894497357308865e-04
3.553356218617409468e-04
3.463500179350376129e-04
3.465992922428995371e-04
3.333654312882572412e-04
3.687910502776503563e-04
3.322757838759571314e-04
3.537704469636082649e-04
3.550201363395899534e-04
3.408261109143495560e-04
3.499342419672757387e-04
3.721579269040375948e-04
3.695040941238403320e-04
3.672546590678393841e-04
3.698336950037628412e-04
3.613049339037388563e-04
3.506205393932759762e-04
3.529397945385426283e-04
3.481947351247072220e-04
3.642697120085358620e-04
3.547144879121333361e-04
3.524843777995556593e-04
3.672691818792372942e-04
3.350533079355955124e-04
3.771641931962221861e-04
3.506894863676279783e-04
3.402516886126250029e-04
3.444794856477528811e-04
3.401766589377075434e-04
3.555782022885978222e-04
3.441049193497747183e-04
3.321690310258418322e-04
3.449446812737733126e-04
3.532726841513067484e-04
3.442255547270178795e-04
3.433601523283869028e-04
3.392852377146482468e-04
3.504160558804869652e-04
3.455128171481192112e-04
3.711627796292304993e-04
3.478629805613309145e-04
3.524527128320187330e-04
3.403159207664430141e-04
3.476611746009439230e-04
3.389910561963915825e-04
3.642977098934352398e-04
3.429160860832780600e-04
3.551985137164592743e-04
3.570655535440891981e-04
3.449652285780757666e-04
3.711975004989653826e-04
3.525450301822274923e-04
3.537189040798693895e-04
3.406220930628478527e-04
3.608816477935761213e-04
3.481810563243925571e-04
3.495658456813544035e-04
3.481605381239205599e-04
3.679095243569463491e-04
3.614642773754894733e-04
3.484562330413609743e-04
3.852315130643546581e-04
3.369645855855196714e-04
3.529010864440351725e-04
3.580517659429460764e-04
3.537539741955697536e-04
3.483063774183392525e-04
3.397741238586604595e-04
3.472630924079567194e-04
3.669033467303961515e-04
3.531535039655864239e-04
3.694234183058142662e-04
3.511292161419987679e-04
3.502483596093952656e-04
3.688747528940439224e-04
3.544417268130928278e-04
3.507602377794682980e-04
3.904244222212582827e-04
3.403502632863819599e-04
3.488404036033898592e-04
3.636049223132431507e-04
3.402963338885456324e-04
3.708222648128867149e-04
3.362490097060799599e-04
3.465921909082680941e-04
3.408909251447767019e-04
3.562841739039868116e-04
3.673978208098560572e-04
3.469158255029469728e-04
3.512019175104796886e-04
3.603316727094352245e-04
3.626107645686715841e-04
3.504995256662368774e-04
3.559306787792593241e-04
3.553743008524179459e-04
3.572792629711329937e-04
3.325508150737732649e-04
3.474849800113588572e-04
3.405713650863617659e-04
3.520171449054032564e-04
3.682404931169003248e-04
3.673303581308573484e-04
3.489788214210420847e-04
3.635838220361620188e-04
3.501567116472870111e-04
3.509039524942636490e-04
3.504098858684301376e-04
3.468988870736211538e-04
3.581195778679102659e-04
3.489127266220748425e-04
3.562305937521159649e-04
3.387206234037876129e-04
3.515002026688307524e-04
3.468645736575126648e-04
3.469136136118322611e-04
3.468242357484996319e-04
3.661345981527119875e-04
3.708899021148681641e-04
3.521564649417996407e-04
3.687173593789339066e-04
3.526105138007551432e-04
3.482706088107079268e-04
3.498918376863002777e-04
3.718808002304285765e-04
3.501317696645855904e-04
3.516122233122587204e-04
3.490216622594743967e-04
3.375439846422523260e-04
3.385390446055680513e-04
3.683594986796379089e-04
3.519760794006288052e-04
3.379093832336366177e-04
3.341271658428013325e-04
3.681686357595026493e-04
3.385670424904674292e-04
4.314646066632121801e-04
3.452808305155485868e-04
3.630926366895437241e-04
3.701994137372821569e-04
3.373363288119435310e-04
3.524372295942157507e-04
3.406893811188638210e-04
3.468236827757209539e-04
3.454683173913508654e-04
3.490253584459424019e-04
3.681368252728134394e-04
3.499921876937150955e-04
3.532609553076326847e-04
3.476896672509610653e-04
3.553021815605461597e-04
3.353825013618916273e-04
3.472941461950540543e-04
3.611339197959750891e-04
3.650248982012271881e-04
3.693858452606946230e-04
3.459385770838707685e-04
3.541929763741791248e-04
3.533853450790047646e-04
3.657179768197238445e-04
3.541168407537043095e-04
3.400602145120501518e-04
3.386266180314123631e-04
3.694906772579997778e-04
3.568929969333112240e-04
3.506802022457122803e-04
3.532374685164541006e-04
3.344239958096295595e-04
3.403391456231474876e-04
3.518026205711066723e-04
3.497379657346755266e-04
3.544698702171444893e-04
3.455359546933323145e-04
3.379361005499958992e-04
3.481828898657113314e-04
3.435424296185374260e-04
3.635583561845123768e-04
3.477674035821110010e-04
3.677401982713490725e-04
3.559369652066379786e-04
3.429730131756514311e-04
3.530705871526151896e-04
3.476020065136253834e-04
3.443927271291613579e-04
3.372133360244333744e-04
3.674555337056517601e-04
3.554227005224674940e-04
3.583737707231193781e-04
3.540303441695868969e-04
3.557866730261594057e-04
3.405789320822805166e-04
3.600626660045236349e-04
3.384356969036161900e-04
3.537093580234795809e-04
3.377103130333125591e-04
3.372040227986872196e-04
3.623732191044837236e-04
3.664008690975606441e-04
3.552160633262246847e-04
3.299119416624307632e-04
3.997118037659674883e-04
3.399124252609908581e-04
3.483177279122173786e-04
3.628220583777874708e-04
3.411486686673015356e-04
3.486713685560971498e-04
3.701320092659443617e-04
3.483362670522183180e-04
3.509493253659456968e-04
3.397153341211378574e-04
3.661682421807199717e-04
3.537093871273100376e-04
3.498326695989817381e-04
3.456250415183603764e-04
3.542485064826905727e-04
3.682622627820819616e-04
3.528702072799205780e-04
3.389141638763248920e-04
3.340669500175863504e-04
3.401717403903603554e-04
3.654976608231663704e-04
3.496308054309338331e-04
3.542560152709484100e-04
3.506400098558515310e-04
3.372871433384716511e-04
3.475265111774206161e-04
3.686228883452713490e-04
3.449607174843549728e-04
3.638782945927232504e-04
3.513499686960130930e-04
3.377644170541316271e-04
3.566210798453539610e-04
3.551797126419842243e-04
3.581561904866248369e-04
3.516336728353053331e-04
3.480615268927067518e-04
3.636028850451111794e-04
3.390377678442746401e-04
3.431841614656150341e-04
3.396915271878242493e-04
3.526253567542880774e-04
3.532834816724061966e-04
3.386828757356852293e-04
3.509302623569965363e-04
3.393486549612134695e-04
3.410730278119444847e-04
3.471764503046870232e-04
3.545088111422955990e-04
3.486108325887471437e-04
3.523134218994528055e-04
3.467303758952766657e-04
3.501120372675359249e-04
3.350333427079021931e-04
3.507442597765475512e-04
3.502525796648114920e-04
3.622737422119826078e-04
3.594018635340034962e-04
3.413863305468112230e-04
3.452315577305853367e-04
3.499088052194565535e-04
3.394393133930861950e-04
3.491563256829977036e-04
3.534356364980340004e-04
3.401725261937826872e-04
3.506231296341866255e-04
3.391002828720957041e-04
3.544507198967039585e-04
3.636185138020664454e-04
3.559307660907506943e-04
3.511191462166607380e-04
3.460404113866388798e-04
3.348626487422734499e-04
3.350063634570688009e-04
3.483968612272292376e-04
3.521931357681751251e-04
3.676242486108094454e-04
3.462043823674321175e-04
3.536234726198017597e-04
3.401077992748469114e-04
3.694778133649379015e-04
3.479648148640990257e-04
3.667089913506060839e-04
3.472684184089303017e-04
3.479828883428126574e-04
3.530409885570406914e-04
3.233966999687254429e-04
3.388852928765118122e-04
3.477666759863495827e-04
3.549056418705731630e-04
3.617190232034772635e-04
3.633547457866370678e-04
3.556405426934361458e-04
3.438354178797453642e-04
3.569768450688570738e-04
3.441352164372801781e-04
3.581799683161079884e-04
3.507709770929068327e-04
3.399198467377573252e-04
3.540648322086781263e-04
3.524914791341871023e-04
3.394193772692233324e-04
3.506143693812191486e-04
3.479926381260156631e-04
3.399903071112930775e-04
3.663314273580908775e-04
3.393134684301912785e-04
3.390188794583082199e-04
3.379763511475175619e-04
3.529494861140847206e-04
3.641983203124254942e-04
3.494349948596209288e-04
3.606091777328401804e-04
3.317208320368081331e-04
3.401898720767349005e-04
3.504387568682432175e-04
3.492716641630977392e-04
3.402474103495478630e-04
3.699677181430160999e-04
3.469193179626017809e-04
3.462791792117059231e-04
3.474354161880910397e-04
3.557773889042437077e-04
3.464931214693933725e-04
3.573036519810557365e-04
3.453644458204507828e-04
3.590894048102200031e-04
3.459528088569641113e-04
3.437977575231343508e-04
3.522871993482112885e-04
3.394400118850171566e-04
3.517409786581993103e-04
3.514892887324094772e-04
3.513769479468464851e-04
3.574016736820340157e-04
3.468999348115175962e-04
3.425907634664326906e-04
3.457214334048330784e-04
3.710554155986756086e-04
3.474992990959435701e-04
3.480197628960013390e-04
3.376899985596537590e-04
3.281362587586045265e-04
3.267426218371838331e-04
3.532941627781838179e-04
3.499254817143082619e-04
3.631919971667230129e-04
3.467347705736756325e-04
3.417643310967832804e-04
3.542852355167269707e-04
3.510100359562784433e-04
3.649608697742223740e-04
3.493636904750019312e-04
3.395898966118693352e-04
3.612229484133422375e-04
3.482553001958876848e-04
3.684537659864872694e-04
3.917952417396008968e-04
3.358305257279425859e-04
3.670503210742026567e-04
3.559100441634654999e-04
3.510899259708821774e-04
3.387261822354048491e-04
3.512334369588643312e-04
3.391644568182528019e-04
3.586579114198684692e-04
3.550460678525269032e-04
3.538675082381814718e-04
3.482147585600614548e-04
3.466888738330453634e-04
3.488634247332811356e-04
3.412211372051388025e-04
3.450781223364174366e-04
3.635270113591104746e-04
3.601138596422970295e-04
3.489097580313682556e-04
3.550972905941307545e-04
3.378370893187820911e-04
3.521687758620828390e-04
3.584109945222735405e-04
3.495808923617005348e-04
3.559799224603921175e-04
3.491924435365945101e-04
3.401706344448029995e-04
3.600196214392781258e-04
3.549511602614074945e-04
3.559090837370604277e-04
3.437954001128673553e-04
3.399113193154335022e-04
3.403696173336356878e-04
3.550873079802840948e-04
3.483290784060955048e-04
3.480107989162206650e-04
3.698415821418166161e-04
3.394812229089438915e-04
3.537308075465261936e-04
3.612536529544740915e-04
3.183039953000843525e-04
3.427690244279801846e-04
3.523755585774779320e-04
3.458405844867229462e-04
3.669983998406678438e-04
3.354563668835908175e-04
3.523077757563441992e-04
3.485959896352142096e-04
3.469818911980837584e-04
3.778925456572324038e-04
3.440348082222044468e-04
3.462938184384256601e-04
3.351032210048288107e-04
3.529577807057648897e-04
3.488146758172661066e-04
3.535998985171318054e-04
3.366754972375929356e-04
3.554827417246997356e-04
3.395952226128429174e-04
3.429366042837500572e-04
3.386109310667961836e-04
3.455663099884986877e-04
3.396964457351714373e-04
3.689865698106586933e-04
3.375286178197711706e-04
3.568157262634485960e-04
3.502211475279182196e-04
3.449252690188586712e-04
3.474947880022227764e-04
3.552748239599168301e-04
3.692253958433866501e-04
3.397952532395720482e-04
3.581303753890097141e-04
3.519855381455272436e-04
3.490119124762713909e-04
3.600385680329054594e-04
3.519585006870329380e-04
3.481396415736526251e-04
3.499833110254257917e-04
3.673422907013446093e-04
3.461232408881187439e-04
3.687085409183055162e-04
3.650975704658776522e-04
3.687118296511471272e-04
3.681113012135028839e-04
3.713292826432734728e-04
3.452710225246846676e-04
3.334937791805714369e-04
3.458654391579329967e-04
3.659939393401145935e-04
3.401059366296976805e-04
3.560585901141166687e-04
3.685319388750940561e-04
3.507490037009119987e-04
3.542927734088152647e-04
3.442128945607692003e-04
3.551085828803479671e-04
3.503248735796660185e-04
3.519909514579921961e-04
3.630204009823501110e-04
3.391975478734821081e-04
3.554151626303792000e-04
3.556532319635152817e-04
3.395878593437373638e-04
3.288022999186068773e-04
3.632842854131013155e-04
3.445291076786816120e-04
3.413316444493830204e-04
3.437479899730533361e-04
3.696120111271739006e-04
3.747325681615620852e-04
3.546476364135742188e-04
3.446944465395063162e-04
3.570635162759572268e-04
3.468687646090984344e-04
3.384691081009805202e-04
3.379195404704660177e-04
3.563230566214770079e-04
3.499715530779212713e-04
3.506850043777376413e-04
3.458077262621372938e-04
3.527546359691768885e-04
3.555140574462711811e-04
3.388579352758824825e-04
3.629845159593969584e-04
3.654743195511400700e-04
3.581165510695427656e-04
3.559318429324775934e-04
3.369524492882192135e-04
3.635554458014667034e-04
3.543648635968565941e-04
3.470976371318101883e-04
3.584027872420847416e-04
3.552188572939485312e-04
3.479757579043507576e-04
3.684853145387023687e-04
3.454053658060729504e-04
3.659283393062651157e-04
3.480409795884042978e-04
3.413591766729950905e-04
3.528050146996974945e-04
3.463464090600609779e-04
3.553645219653844833e-04
3.472064272500574589e-04
3.320836985949426889e-04
3.375518426764756441e-04
3.686537384055554867e-04
3.481455496512353420e-04
3.755007055588066578e-04
3.401966823730617762e-04
3.494977427180856466e-04
3.409720375202596188e-04
3.449325158726423979e-04
3.357490641064941883e-04
4.277014231774955988e-04
3.665230760816484690e-04
3.699916705954819918e-04
3.371573402546346188e-04
3.417564148548990488e-04
3.624577948357909918e-04
3.721537650562822819e-04
3.536180010996758938e-04
3.540890174917876720e-04
3.405127499718219042e-04
3.708135627675801516e-04
3.573769354261457920e-04
3.462212625890970230e-04
3.448017232585698366e-04
3.340878756716847420e-04
3.648403508123010397e-04
3.645043179858475924e-04
3.513241244945675135e-04
3.615820023696869612e-04
3.542639897204935551e-04
3.511578252073377371e-04
3.693893377203494310e-04
3.686973650474101305e-04
3.489555965643376112e-04
3.691865131258964539e-04
3.264793776907026768e-04
3.659239737316966057e-04
3.404328599572181702e-04
3.563654317986220121e-04
3.519622259773313999e-04
3.661519731394946575e-04
3.706807910930365324e-04
3.485383640509098768e-04
3.882406745105981827e-04
3.531923284754157066e-04
3.534014394972473383e-04
3.670695587061345577e-04
3.395095118321478367e-04
3.530762623995542526e-04
3.698614600580185652e-04
3.686286509037017822e-04
3.648708807304501534e-04
3.577485331334173679e-04
3.491062088869512081e-04
3.432428929954767227e-04
3.537591546773910522e-04
3.509205416776239872e-04
3.525174688547849655e-04
3.395826788619160652e-04
3.642657247837632895e-04
3.484811459202319384e-04
3.775044460780918598e-04
3.404432500246912241e-04
3.508932422846555710e-04
3.473324177321046591e-04
3.394573868717998266e-04
3.700981033034622669e-04
3.515462740324437618e-04
3.511096583679318428e-04
3.651420993264764547e-04
3.542569756973534822e-04
3.502113977447152138e-04
3.556248266249895096e-04
3.517763107083737850e-04
3.501085739117115736e-04
3.491339448373764753e-04
3.529663954395800829e-04
3.513752017170190811e-04
3.491804527584463358e-04
3.539901226758956909e-04
3.662298549897968769e-04
3.671072190627455711e-04
3.520815225783735514e-04
3.406705509405583143e-04
3.385869495104998350e-04
3.484126355033367872e-04
3.457756829448044300e-04
3.539174213074147701e-04
3.533453564159572124e-04
3.604669473133981228e-04
3.705141425598412752e-04
3.576082235667854548e-04
3.672655730042606592e-04
3.379552508704364300e-04
3.547290689311921597e-04
3.683608665596693754e-04
3.501325263641774654e-04
4.015183658339083195e-04
3.346459707245230675e-04
3.464451001491397619e-04
3.487453795969486237e-04
3.683213435579091311e-04
3.692934697028249502e-04
3.411489888094365597e-04
3.549433022271841764e-04
3.404523304197937250e-04
3.905160992871969938e-04
3.555729635991156101e-04
3.334892389830201864e-04
3.443425812292844057e-04
3.378367982804775238e-04
3.509134403429925442e-04
3.643558011390268803e-04
3.395446110516786575e-04
3.391913778614252806e-04
3.674407198559492826e-04
3.487149369902908802e-04
3.501554019749164581e-04
3.664369287434965372e-04
3.558396711014211178e-04
3.697299398481845856e-04
3.508943482302129269e-04
3.500816237647086382e-04
3.461955930106341839e-04
3.546044172253459692e-04
3.496514400467276573e-04
3.398875123821198940e-04
3.555323055479675531e-04
3.475137928035110235e-04
3.594665322452783585e-04
3.586380626074969769e-04
3.623062220867723227e-04
3.404574526939541101e-04
3.407926415093243122e-04
4.069041751790791750e-04
3.407672338653355837e-04
3.508365480229258537e-04
3.349890757817775011e-04
3.434322425164282322e-04
3.489021910354495049e-04
3.434536338318139315e-04
3.479320730548352003e-04
3.591657732613384724e-04
3.681705857161432505e-04
3.376509703230112791e-04
3.521673206705600023e-04
3.451223019510507584e-04
3.539540339261293411e-04
3.376055101398378611e-04
3.558871394488960505e-04
3.533239359967410564e-04
3.530063258949667215e-04
3.551588451955467463e-04
3.391444042790681124e-04
3.514759300742298365e-04
3.478769212961196899e-04
3.708531148731708527e-04
3.477163554634898901e-04
3.512975526973605156e-04
3.463915491010993719e-04
3.363360883668065071e-04
3.733152698259800673e-04
3.305223071947693825e-04
3.399422857910394669e-04
3.466012130957096815e-04
3.480414452496916056e-04
3.665628901217132807e-04
3.703534312080591917e-04
3.407265176065266132e-04
3.694447514135390520e-04
3.472999669611454010e-04
3.495341516099870205e-04
3.639573697000741959e-04
3.482862957753241062e-04
3.472991520538926125e-04
3.395542735233902931e-04
3.549497341737151146e-04
3.582942881621420383e-04
3.486477071419358253e-04
3.405179013498127460e-04
3.488986112643033266e-04
3.527882217895239592e-04
3.540971665643155575e-04
3.432117518968880177e-04
3.496200079098343849e-04
3.381397400517016649e-04
3.682888345792889595e-04
3.692881728056818247e-04
3.506646899040788412e-04
3.471831732895225286e-04
3.479040751699358225e-04
3.658477507997304201e-04
3.484032931737601757e-04
3.571168344933539629e-04
3.491291136015206575e-04
3.476753772702068090e-04
3.672012244351208210e-04
3.505838976707309484e-04
3.522239276207983494e-04
3.710104792844504118e-04
3.508699301164597273e-04
3.614416928030550480e-04
3.500258026178926229e-04
3.664739779196679592e-04
